3 10 2.06308e-10
3 11 2.05314e-10
3 12 2.05298e-10
3 13 2.05836e-10
3 14 2.07013e-10
3 15 2.08713e-10
3 15.5 2.09569e-10
3 15.8 2.10149e-10
3 16 2.10472e-10
3 16.5 2.11531e-10
3.5 10 2.05863e-10
3.5 11 2.04325e-10
3.5 12 2.03689e-10
3.5 13 2.03771e-10
3.5 14 2.04359e-10
3.5 15 2.0526e-10
3.5 15.5 2.05896e-10
3.5 15.8 2.06322e-10
3.5 16 2.06613e-10
3.5 16.5 2.07383e-10
3.4 10 2.0587e-10
3.4 11 2.04365e-10
3.4 12 2.03839e-10
3.4 13 2.04021e-10
3.4 14 2.04668e-10
3.4 15 2.05705e-10
3.4 15.5 2.06389e-10
3.4 15.8 2.06851e-10
3.4 16 2.0716e-10
3.4 16.5 2.07976e-10
4 10 2.07127e-10
4 11 2.05009e-10
4 12 2.03886e-10
4 13 2.03489e-10
4 14 2.0363e-10
4 15 2.04294e-10
4 15.5 2.04743e-10
4 15.8 2.05037e-10
4 16 2.05242e-10
4 16.5 2.0572e-10
4.5 10 2.09409e-10
4.5 11 2.07009e-10
4.5 12 2.05553e-10
4.5 13 2.04827e-10
4.5 14 2.04645e-10
4.5 15 2.04901e-10
4.5 15.5 2.05243e-10
4.5 15.8 2.05427e-10
4.5 16 2.05566e-10
4.5 16.5 2.0587e-10
4.8 10 2.1103e-10
4.8 11 2.08512e-10
4.8 12 2.06899e-10
4.8 13 2.06008e-10
4.8 14 2.0566e-10
4.8 15 2.05861e-10
4.8 15.5 2.0595e-10
4.8 15.8 2.06095e-10
4.8 16 2.06206e-10
4.8 16.5 2.06532e-10
5 10 2.12293e-10
5 11 2.09616e-10
5 12 2.07944e-10
5 13 2.06915e-10
5 14 2.06471e-10
5 15 2.06484e-10
5 15.5 2.0672e-10
5 15.8 2.0674e-10
5 16 2.06834e-10
5 16.5 2.07134e-10
5.5 10 2.15687e-10
5.5 11 2.12782e-10
5.5 12 2.10885e-10
5.5 13 2.09698e-10
5.5 14 2.09054e-10
5.5 15 2.0885e-10
5.5 15.5 2.08886e-10
5.5 15.8 2.08929e-10
5.5 16 2.08979e-10
5.5 16.5 2.09175e-10
6 10 2.19494e-10
6 11 2.16404e-10
6 12 2.14278e-10
6 13 2.12889e-10
6 14 2.12151e-10
6 15 2.11811e-10
6 15.5 2.11766e-10
6 15.8 2.11773e-10
6 16 2.11792e-10
6 16.5 2.1189e-10