3 10 2.06308e-10
2.011e-10
2.11515e-10
3 11 2.05314e-10
2.00293e-10
2.10335e-10
3 12 2.05298e-10
2.00393e-10
2.10204e-10
3 13 2.05836e-10
2.01088e-10
2.10584e-10
3 14 2.07013e-10
2.02311e-10
2.11715e-10
3 15 2.08713e-10
2.03986e-10
2.13439e-10
3 15.5 2.09569e-10
2.04795e-10
2.14344e-10
3 15.8 2.10149e-10
2.05382e-10
2.14917e-10
3 16 2.10472e-10
2.05774e-10
2.1517e-10
3 16.5 2.11531e-10
2.06887e-10
2.16176e-10
3.5 10 2.05863e-10
1.99331e-10
2.12395e-10
3.5 11 2.04325e-10
1.97905e-10
2.10745e-10
3.5 12 2.03689e-10
1.97342e-10
2.10035e-10
3.5 13 2.03771e-10
1.97457e-10
2.10085e-10
3.5 14 2.04359e-10
1.98072e-10
2.10646e-10
3.5 15 2.0526e-10
1.98987e-10
2.11533e-10
3.5 15.5 2.05896e-10
1.99594e-10
2.12198e-10
3.5 15.8 2.06322e-10
1.99999e-10
2.12645e-10
3.5 16 2.06613e-10
2.00291e-10
2.12935e-10
3.5 16.5 2.07383e-10
2.0106e-10
2.13705e-10
3.4 10 2.0587e-10
1.99536e-10
2.12204e-10
3.4 11 2.04365e-10
1.982e-10
2.10531e-10
3.4 12 2.03839e-10
1.97757e-10
2.09921e-10
3.4 13 2.04021e-10
1.97984e-10
2.10058e-10
3.4 14 2.04668e-10
1.98619e-10
2.10718e-10
3.4 15 2.05705e-10
1.99711e-10
2.11698e-10
3.4 15.5 2.06389e-10
2.00384e-10
2.12395e-10
3.4 15.8 2.06851e-10
2.00829e-10
2.12874e-10
3.4 16 2.0716e-10
2.01137e-10
2.13182e-10
3.4 16.5 2.07976e-10
2.01967e-10
2.13986e-10
4 10 2.07127e-10
1.99393e-10
2.1486e-10
4 11 2.05009e-10
1.97513e-10
2.12505e-10
4 12 2.03886e-10
1.96469e-10
2.11302e-10
4 13 2.03489e-10
1.96128e-10
2.10849e-10
4 14 2.0363e-10
1.96229e-10
2.11031e-10
4 15 2.04294e-10
1.96761e-10
2.11827e-10
4 15.5 2.04743e-10
1.97203e-10
2.12283e-10
4 15.8 2.05037e-10
1.97462e-10
2.12613e-10
4 16 2.05242e-10
1.97649e-10
2.12835e-10
4 16.5 2.0572e-10
1.98178e-10
2.13263e-10
4.5 10 2.09409e-10
2.00721e-10
2.18096e-10
4.5 11 2.07009e-10
1.9846e-10
2.15559e-10
4.5 12 2.05553e-10
1.97068e-10
2.14037e-10
4.5 13 2.04827e-10
1.96353e-10
2.13301e-10
4.5 14 2.04645e-10
1.96156e-10
2.13134e-10
4.5 15 2.04901e-10
1.9635e-10
2.13453e-10
4.5 15.5 2.05243e-10
1.96581e-10
2.13906e-10
4.5 15.8 2.05427e-10
1.96737e-10
2.14118e-10
4.5 16 2.05566e-10
1.9685e-10
2.14281e-10
4.5 16.5 2.0587e-10
1.97195e-10
2.14545e-10
4.8 10 2.1103e-10
2.01955e-10
2.20105e-10
4.8 11 2.08512e-10
1.99541e-10
2.17483e-10
4.8 12 2.06899e-10
1.98001e-10
2.15798e-10
4.8 13 2.06008e-10
1.97129e-10
2.14888e-10
4.8 14 2.0566e-10
1.96769e-10
2.14551e-10
4.8 15 2.05861e-10
1.96797e-10
2.14925e-10
4.8 15.5 2.0595e-10
1.96945e-10
2.14954e-10
4.8 15.8 2.06095e-10
1.97067e-10
2.15122e-10
4.8 16 2.06206e-10
1.97163e-10
2.1525e-10
4.8 16.5 2.06532e-10
1.9745e-10
2.15614e-10
5 10 2.12293e-10
2.02881e-10
2.21705e-10
5 11 2.09616e-10
2.00336e-10
2.18896e-10
5 12 2.07944e-10
1.98778e-10
2.1711e-10
5 13 2.06915e-10
1.97715e-10
2.16115e-10
5 14 2.06471e-10
1.97259e-10
2.15684e-10
5 15 2.06484e-10
1.97206e-10
2.15762e-10
5 15.5 2.0672e-10
1.97305e-10
2.16136e-10
5 15.8 2.0674e-10
1.97395e-10
2.16086e-10
5 16 2.06834e-10
1.9748e-10
2.16189e-10
5 16.5 2.07134e-10
1.97754e-10
2.16515e-10
5.5 10 2.15687e-10
2.05599e-10
2.25775e-10
5.5 11 2.12782e-10
2.02865e-10
2.227e-10
5.5 12 2.10885e-10
2.01028e-10
2.20742e-10
5.5 13 2.09698e-10
1.99829e-10
2.19567e-10
5.5 14 2.09054e-10
1.99175e-10
2.18934e-10
5.5 15 2.0885e-10
1.98893e-10
2.18807e-10
5.5 15.5 2.08886e-10
1.98884e-10
2.18887e-10
5.5 15.8 2.08929e-10
1.9889e-10
2.18969e-10
5.5 16 2.08979e-10
1.98914e-10
2.19044e-10
5.5 16.5 2.09175e-10
1.99075e-10
2.19276e-10
6 10 2.19494e-10
2.08621e-10
2.30366e-10
6 11 2.16404e-10
2.05668e-10
2.27139e-10
6 12 2.14278e-10
2.0373e-10
2.24826e-10
6 13 2.12889e-10
2.02328e-10
2.2345e-10
6 14 2.12151e-10
2.01478e-10
2.22825e-10
6 15 2.11811e-10
2.0102e-10
2.22602e-10
6 15.5 2.11766e-10
2.0092e-10
2.22612e-10
6 15.8 2.11773e-10
2.00895e-10
2.22651e-10
6 16 2.11792e-10
2.00893e-10
2.22691e-10
6 16.5 2.1189e-10
2.00941e-10
2.22839e-10
