None
None
None
None
None
None
None
None
None
None
None
None
None
None
None
None
None
None
None
None
None
None
None
None
None
None
None
None
None
None
None
None
None
None
None
None
None
None
None
None
None
None
None
None
None
None
None
None
None
None
None
None
None
None
None
None
None
None
None
None
None
None
None
None
None
None
None
None
None
None
None
None
None
None
None
None
None
None
None
None
None
None
None
None
None
None
None
None
None
None
None
None
None
None
None
None
None
None
None
None
-1.27144e-09
-1.27033e-09
-1.26579e-09
-1.25965e-09
-1.2527e-09
-1.24518e-09
-1.23733e-09
-1.22928e-09
-1.22111e-09
-1.21285e-09
-1.20453e-09
-1.19648e-09
-1.18854e-09
-1.18059e-09
-1.17262e-09
-1.16465e-09
-1.15668e-09
-1.14873e-09
-1.1408e-09
-1.13288e-09
-1.12499e-09
-1.11713e-09
-1.1093e-09
-1.1015e-09
-1.09373e-09
-1.08601e-09
-1.07832e-09
-1.07067e-09
-1.06307e-09
-1.05551e-09
-1.04799e-09
-1.04052e-09
-1.03309e-09
-1.02572e-09
-1.01839e-09
-1.01111e-09
-1.00389e-09
-9.96718e-10
-9.89588e-10
-9.82496e-10
-9.75434e-10
-9.68401e-10
-9.61391e-10
-9.54401e-10
-9.47428e-10
-9.40471e-10
-9.33528e-10
None
None
-1.30356e-09
-1.30572e-09
-1.30402e-09
-1.30044e-09
-1.29582e-09
-1.29047e-09
-1.28467e-09
-1.2786e-09
-1.27234e-09
-1.26595e-09
-1.25946e-09
-1.25317e-09
-1.24694e-09
-1.24066e-09
-1.23436e-09
-1.22802e-09
-1.22167e-09
-1.21531e-09
-1.20895e-09
-1.20259e-09
-1.19623e-09
-1.18987e-09
-1.18353e-09
-1.1772e-09
-1.17088e-09
-1.16457e-09
-1.15829e-09
-1.15202e-09
-1.14577e-09
-1.13954e-09
-1.13333e-09
-1.12715e-09
-1.12099e-09
-1.11486e-09
-1.10875e-09
-1.10267e-09
-1.09661e-09
-1.09058e-09
-1.08458e-09
-1.07861e-09
-1.07266e-09
-1.06675e-09
-1.06087e-09
-1.05501e-09
-1.0492e-09
-1.04341e-09
-1.03766e-09
None
None
-1.32422e-09
-1.32888e-09
-1.32931e-09
-1.32762e-09
-1.32471e-09
-1.32094e-09
-1.31662e-09
-1.31195e-09
-1.30704e-09
-1.30197e-09
-1.29677e-09
-1.29171e-09
-1.28667e-09
-1.28158e-09
-1.27643e-09
-1.27124e-09
-1.26602e-09
-1.26078e-09
-1.25553e-09
-1.25026e-09
-1.24498e-09
-1.2397e-09
-1.23442e-09
-1.22914e-09
-1.22386e-09
-1.21859e-09
-1.21332e-09
-1.20806e-09
-1.20281e-09
-1.19756e-09
-1.19233e-09
-1.18711e-09
-1.18189e-09
-1.1767e-09
-1.17151e-09
-1.16634e-09
-1.16119e-09
-1.15605e-09
-1.15092e-09
-1.14582e-09
-1.14073e-09
-1.13565e-09
-1.1306e-09
-1.12556e-09
-1.12054e-09
-1.11554e-09
-1.11056e-09
None
None
-1.33875e-09
-1.34548e-09
-1.34764e-09
-1.34745e-09
-1.3459e-09
-1.34337e-09
-1.34022e-09
-1.33664e-09
-1.33278e-09
-1.32871e-09
-1.32449e-09
-1.32037e-09
-1.31624e-09
-1.31204e-09
-1.30777e-09
-1.30345e-09
-1.29909e-09
-1.29469e-09
-1.29028e-09
-1.28584e-09
-1.28139e-09
-1.27692e-09
-1.27245e-09
-1.26797e-09
-1.26349e-09
-1.259e-09
-1.25452e-09
-1.25003e-09
-1.24555e-09
-1.24107e-09
-1.2366e-09
-1.23212e-09
-1.22766e-09
-1.2232e-09
-1.21874e-09
-1.21429e-09
-1.20985e-09
-1.20542e-09
-1.201e-09
-1.19659e-09
-1.19219e-09
-1.18779e-09
-1.18341e-09
-1.17904e-09
-1.17468e-09
-1.17033e-09
-1.16599e-09
None
None
-1.34927e-09
-1.3578e-09
-1.36142e-09
-1.36249e-09
-1.36206e-09
-1.36055e-09
-1.35834e-09
-1.35565e-09
-1.35263e-09
-1.34937e-09
-1.34593e-09
-1.34255e-09
-1.33914e-09
-1.33564e-09
-1.33206e-09
-1.32843e-09
-1.32474e-09
-1.32101e-09
-1.31726e-09
-1.31347e-09
-1.30967e-09
-1.30584e-09
-1.302e-09
-1.29816e-09
-1.2943e-09
-1.29044e-09
-1.28657e-09
-1.2827e-09
-1.27883e-09
-1.27495e-09
-1.27108e-09
-1.2672e-09
-1.26333e-09
-1.25946e-09
-1.25559e-09
-1.25172e-09
-1.24786e-09
-1.244e-09
-1.24015e-09
-1.2363e-09
-1.23246e-09
-1.22862e-09
-1.22478e-09
-1.22096e-09
-1.21714e-09
-1.21332e-09
-1.20952e-09
None
None
-1.35636e-09
-1.36647e-09
-1.37134e-09
-1.37347e-09
-1.37397e-09
-1.3733e-09
-1.37186e-09
-1.36989e-09
-1.36755e-09
-1.36493e-09
-1.36212e-09
-1.35933e-09
-1.35649e-09
-1.35354e-09
-1.35051e-09
-1.34741e-09
-1.34425e-09
-1.34104e-09
-1.3378e-09
-1.33452e-09
-1.33122e-09
-1.32789e-09
-1.32455e-09
-1.32119e-09
-1.31782e-09
-1.31444e-09
-1.31105e-09
-1.30766e-09
-1.30426e-09
-1.30085e-09
-1.29745e-09
-1.29404e-09
-1.29063e-09
-1.28722e-09
-1.28381e-09
-1.2804e-09
-1.27699e-09
-1.27358e-09
-1.27017e-09
-1.26677e-09
-1.26336e-09
-1.25997e-09
-1.25657e-09
-1.25318e-09
-1.24979e-09
-1.2464e-09
-1.24302e-09
None
None
-1.36114e-09
-1.37266e-09
-1.37864e-09
-1.38169e-09
-1.38298e-09
-1.38302e-09
-1.38224e-09
-1.38087e-09
-1.3791e-09
-1.37702e-09
-1.37472e-09
-1.37241e-09
-1.37004e-09
-1.36754e-09
-1.36495e-09
-1.36228e-09
-1.35955e-09
-1.35676e-09
-1.35393e-09
-1.35106e-09
-1.34817e-09
-1.34524e-09
-1.34229e-09
-1.33933e-09
-1.33635e-09
-1.33336e-09
-1.33035e-09
-1.32734e-09
-1.32432e-09
-1.32129e-09
-1.31826e-09
-1.31522e-09
-1.31218e-09
-1.30914e-09
-1.3061e-09
-1.30305e-09
-1.3e-09
-1.29696e-09
-1.29391e-09
-1.29086e-09
-1.28782e-09
-1.28477e-09
-1.28173e-09
-1.27869e-09
-1.27565e-09
-1.27261e-09
-1.26958e-09
None
None
-1.36426e-09
-1.37709e-09
-1.38406e-09
-1.38793e-09
-1.38992e-09
-1.39059e-09
-1.39037e-09
-1.38953e-09
-1.38824e-09
-1.38662e-09
-1.38475e-09
-1.38285e-09
-1.38087e-09
-1.37875e-09
-1.37653e-09
-1.37423e-09
-1.37185e-09
-1.36941e-09
-1.36692e-09
-1.36439e-09
-1.36182e-09
-1.35923e-09
-1.35661e-09
-1.35397e-09
-1.35131e-09
-1.34863e-09
-1.34594e-09
-1.34324e-09
-1.34053e-09
-1.33781e-09
-1.33509e-09
-1.33236e-09
-1.32962e-09
-1.32688e-09
-1.32414e-09
-1.32139e-09
-1.31864e-09
-1.31589e-09
-1.31314e-09
-1.31039e-09
-1.30764e-09
-1.30488e-09
-1.30213e-09
-1.29938e-09
-1.29663e-09
-1.29388e-09
-1.29113e-09
None
None
-1.36619e-09
-1.38021e-09
-1.3881e-09
-1.39272e-09
-1.39534e-09
-1.39656e-09
-1.39684e-09
-1.39646e-09
-1.39559e-09
-1.39437e-09
-1.39288e-09
-1.39134e-09
-1.38969e-09
-1.3879e-09
-1.386e-09
-1.384e-09
-1.38192e-09
-1.37977e-09
-1.37758e-09
-1.37533e-09
-1.37305e-09
-1.37073e-09
-1.36838e-09
-1.36601e-09
-1.36362e-09
-1.36121e-09
-1.35879e-09
-1.35635e-09
-1.3539e-09
-1.35144e-09
-1.34897e-09
-1.3465e-09
-1.34402e-09
-1.34153e-09
-1.33904e-09
-1.33654e-09
-1.33404e-09
-1.33154e-09
-1.32903e-09
-1.32653e-09
-1.32402e-09
-1.32151e-09
-1.319e-09
-1.31649e-09
-1.31398e-09
-1.31147e-09
-1.30896e-09
None
None
-1.36721e-09
-1.38236e-09
-1.3911e-09
-1.3964e-09
-1.3996e-09
-1.40133e-09
-1.40205e-09
-1.40208e-09
-1.40159e-09
-1.40072e-09
-1.39957e-09
-1.39834e-09
-1.39699e-09
-1.39548e-09
-1.39385e-09
-1.39212e-09
-1.3903e-09
-1.38841e-09
-1.38646e-09
-1.38446e-09
-1.38242e-09
-1.38034e-09
-1.37823e-09
-1.37609e-09
-1.37393e-09
-1.37175e-09
-1.36955e-09
-1.36733e-09
-1.3651e-09
-1.36286e-09
-1.36062e-09
-1.35836e-09
-1.35609e-09
-1.35382e-09
-1.35154e-09
-1.34926e-09
-1.34697e-09
-1.34468e-09
-1.34238e-09
-1.34008e-09
-1.33778e-09
-1.33548e-09
-1.33318e-09
-1.33087e-09
-1.32857e-09
-1.32626e-09
-1.32395e-09
None
None
-1.36754e-09
-1.38376e-09
-1.39329e-09
-1.39923e-09
-1.40296e-09
-1.40515e-09
-1.40629e-09
-1.40668e-09
-1.40654e-09
-1.40599e-09
-1.40513e-09
-1.40418e-09
-1.40309e-09
-1.40183e-09
-1.40044e-09
-1.39895e-09
-1.39736e-09
-1.39569e-09
-1.39396e-09
-1.39217e-09
-1.39034e-09
-1.38847e-09
-1.38656e-09
-1.38463e-09
-1.38267e-09
-1.38068e-09
-1.37868e-09
-1.37666e-09
-1.37462e-09
-1.37257e-09
-1.37051e-09
-1.36844e-09
-1.36636e-09
-1.36427e-09
-1.36218e-09
-1.36008e-09
-1.35797e-09
-1.35586e-09
-1.35375e-09
-1.35163e-09
-1.34951e-09
-1.34738e-09
-1.34526e-09
-1.34313e-09
-1.341e-09
-1.33887e-09
-1.33673e-09
None
None
-1.36794e-09
-1.38517e-09
-1.39547e-09
-1.40202e-09
-1.40627e-09
-1.4089e-09
-1.41043e-09
-1.41117e-09
-1.41135e-09
-1.41111e-09
-1.41053e-09
-1.40985e-09
-1.40901e-09
-1.40799e-09
-1.40683e-09
-1.40556e-09
-1.40419e-09
-1.40273e-09
-1.40121e-09
-1.39962e-09
-1.39799e-09
-1.39632e-09
-1.3946e-09
-1.39286e-09
-1.39108e-09
-1.38929e-09
-1.38747e-09
-1.38563e-09
-1.38377e-09
-1.3819e-09
-1.38002e-09
-1.37813e-09
-1.37622e-09
-1.37431e-09
-1.37239e-09
-1.37046e-09
-1.36853e-09
-1.36659e-09
-1.36464e-09
-1.36269e-09
-1.36074e-09
-1.35878e-09
-1.35682e-09
-1.35486e-09
-1.3529e-09
-1.35093e-09
-1.34896e-09
None
None
-1.36808e-09
-1.38628e-09
-1.3973e-09
-1.40443e-09
-1.40916e-09
-1.4122e-09
-1.4141e-09
-1.41518e-09
-1.41566e-09
-1.41569e-09
-1.41539e-09
-1.41494e-09
-1.41434e-09
-1.41354e-09
-1.41259e-09
-1.41152e-09
-1.41035e-09
-1.40909e-09
-1.40775e-09
-1.40636e-09
-1.4049e-09
-1.40341e-09
-1.40187e-09
-1.4003e-09
-1.39869e-09
-1.39706e-09
-1.39541e-09
-1.39374e-09
-1.39205e-09
-1.39034e-09
-1.38862e-09
-1.38688e-09
-1.38514e-09
-1.38338e-09
-1.38162e-09
-1.37985e-09
-1.37807e-09
-1.37628e-09
-1.37449e-09
-1.37269e-09
-1.37089e-09
-1.36909e-09
-1.36728e-09
-1.36547e-09
-1.36365e-09
-1.36184e-09
-1.36002e-09
None
None
-1.36776e-09
-1.38687e-09
-1.39857e-09
-1.40624e-09
-1.41143e-09
-1.41486e-09
-1.41709e-09
-1.41847e-09
-1.41924e-09
-1.41953e-09
-1.41946e-09
-1.41924e-09
-1.41884e-09
-1.41825e-09
-1.41749e-09
-1.4166e-09
-1.41561e-09
-1.41452e-09
-1.41335e-09
-1.41212e-09
-1.41083e-09
-1.40949e-09
-1.40811e-09
-1.40669e-09
-1.40524e-09
-1.40376e-09
-1.40225e-09
-1.40072e-09
-1.39918e-09
-1.39761e-09
-1.39603e-09
-1.39444e-09
-1.39283e-09
-1.39121e-09
-1.38959e-09
-1.38795e-09
-1.38631e-09
-1.38466e-09
-1.383e-09
-1.38134e-09
-1.37967e-09
-1.378e-09
-1.37632e-09
-1.37464e-09
-1.37296e-09
-1.37127e-09
-1.36958e-09
None
None
-1.36708e-09
-1.38706e-09
-1.39941e-09
-1.40759e-09
-1.41319e-09
-1.41698e-09
-1.41953e-09
-1.4212e-09
-1.42222e-09
-1.42275e-09
-1.4229e-09
-1.42289e-09
-1.42268e-09
-1.42227e-09
-1.42169e-09
-1.42097e-09
-1.42013e-09
-1.4192e-09
-1.41818e-09
-1.4171e-09
-1.41595e-09
-1.41475e-09
-1.41351e-09
-1.41223e-09
-1.41091e-09
-1.40956e-09
-1.40819e-09
-1.40679e-09
-1.40537e-09
-1.40394e-09
-1.40248e-09
-1.40101e-09
-1.39953e-09
-1.39804e-09
-1.39653e-09
-1.39501e-09
-1.39349e-09
-1.39196e-09
-1.39042e-09
-1.38888e-09
-1.38733e-09
-1.38577e-09
-1.38421e-09
-1.38265e-09
-1.38108e-09
-1.3795e-09
-1.37793e-09
None
None
-1.36612e-09
-1.38692e-09
-1.39988e-09
-1.40855e-09
-1.41455e-09
-1.41868e-09
-1.42153e-09
-1.42346e-09
-1.42472e-09
-1.42547e-09
-1.42582e-09
-1.426e-09
-1.42597e-09
-1.42573e-09
-1.42531e-09
-1.42474e-09
-1.42405e-09
-1.42326e-09
-1.42238e-09
-1.42143e-09
-1.42042e-09
-1.41935e-09
-1.41823e-09
-1.41707e-09
-1.41587e-09
-1.41465e-09
-1.41339e-09
-1.41211e-09
-1.4108e-09
-1.40948e-09
-1.40814e-09
-1.40678e-09
-1.40541e-09
-1.40402e-09
-1.40263e-09
-1.40122e-09
-1.3998e-09
-1.39838e-09
-1.39695e-09
-1.39551e-09
-1.39406e-09
-1.39261e-09
-1.39115e-09
-1.38969e-09
-1.38822e-09
-1.38675e-09
-1.38528e-09
None
None
-1.36493e-09
-1.38652e-09
-1.40006e-09
-1.40919e-09
-1.41557e-09
-1.42002e-09
-1.42315e-09
-1.42533e-09
-1.42681e-09
-1.42777e-09
-1.42831e-09
-1.42867e-09
-1.42881e-09
-1.42872e-09
-1.42844e-09
-1.42802e-09
-1.42746e-09
-1.4268e-09
-1.42605e-09
-1.42522e-09
-1.42433e-09
-1.42338e-09
-1.42237e-09
-1.42133e-09
-1.42024e-09
-1.41912e-09
-1.41797e-09
-1.4168e-09
-1.41559e-09
-1.41437e-09
-1.41313e-09
-1.41188e-09
-1.4106e-09
-1.40932e-09
-1.40802e-09
-1.40671e-09
-1.40539e-09
-1.40406e-09
-1.40272e-09
-1.40138e-09
-1.40003e-09
-1.39867e-09
-1.3973e-09
-1.39593e-09
-1.39456e-09
-1.39318e-09
-1.3918e-09
None
None
-1.36356e-09
-1.3859e-09
-1.4e-09
-1.40957e-09
-1.41631e-09
-1.42107e-09
-1.42446e-09
-1.42688e-09
-1.42857e-09
-1.42972e-09
-1.43044e-09
-1.43096e-09
-1.43125e-09
-1.43131e-09
-1.43118e-09
-1.43088e-09
-1.43045e-09
-1.42991e-09
-1.42928e-09
-1.42856e-09
-1.42778e-09
-1.42693e-09
-1.42603e-09
-1.42509e-09
-1.42411e-09
-1.42309e-09
-1.42203e-09
-1.42095e-09
-1.41985e-09
-1.41872e-09
-1.41757e-09
-1.41641e-09
-1.41522e-09
-1.41403e-09
-1.41282e-09
-1.4116e-09
-1.41036e-09
-1.40912e-09
-1.40787e-09
-1.40661e-09
-1.40534e-09
-1.40407e-09
-1.40279e-09
-1.4015e-09
-1.40021e-09
-1.39892e-09
-1.39762e-09
None
None
-1.36204e-09
-1.38511e-09
-1.39974e-09
-1.40973e-09
-1.41682e-09
-1.42187e-09
-1.42551e-09
-1.42815e-09
-1.43004e-09
-1.43137e-09
-1.43226e-09
-1.43294e-09
-1.43338e-09
-1.43357e-09
-1.43356e-09
-1.43339e-09
-1.43308e-09
-1.43265e-09
-1.43213e-09
-1.43152e-09
-1.43083e-09
-1.43009e-09
-1.42929e-09
-1.42844e-09
-1.42755e-09
-1.42662e-09
-1.42565e-09
-1.42466e-09
-1.42364e-09
-1.4226e-09
-1.42154e-09
-1.42046e-09
-1.41936e-09
-1.41824e-09
-1.41711e-09
-1.41597e-09
-1.41482e-09
-1.41365e-09
-1.41248e-09
-1.4113e-09
-1.41011e-09
-1.40891e-09
-1.40771e-09
-1.4065e-09
-1.40528e-09
-1.40406e-09
-1.40284e-09
None
None
-1.36039e-09
-1.38416e-09
-1.39931e-09
-1.40971e-09
-1.41713e-09
-1.42245e-09
-1.42634e-09
-1.42919e-09
-1.43127e-09
-1.43277e-09
-1.43382e-09
-1.43464e-09
-1.43522e-09
-1.43554e-09
-1.43566e-09
-1.4356e-09
-1.4354e-09
-1.43508e-09
-1.43465e-09
-1.43414e-09
-1.43355e-09
-1.4329e-09
-1.43219e-09
-1.43142e-09
-1.43062e-09
-1.42977e-09
-1.42889e-09
-1.42798e-09
-1.42704e-09
-1.42608e-09
-1.4251e-09
-1.42409e-09
-1.42307e-09
-1.42203e-09
-1.42097e-09
-1.4199e-09
-1.41882e-09
-1.41773e-09
-1.41663e-09
-1.41552e-09
-1.4144e-09
-1.41328e-09
-1.41214e-09
-1.411e-09
-1.40985e-09
-1.4087e-09
-1.40754e-09
None
None
-1.35865e-09
-1.3831e-09
-1.39875e-09
-1.40953e-09
-1.41727e-09
-1.42286e-09
-1.42697e-09
-1.43002e-09
-1.43229e-09
-1.43396e-09
-1.43516e-09
-1.43612e-09
-1.43683e-09
-1.43727e-09
-1.4375e-09
-1.43755e-09
-1.43745e-09
-1.43723e-09
-1.4369e-09
-1.43648e-09
-1.43598e-09
-1.43541e-09
-1.43478e-09
-1.4341e-09
-1.43338e-09
-1.43261e-09
-1.43181e-09
-1.43097e-09
-1.43011e-09
-1.42922e-09
-1.4283e-09
-1.42737e-09
-1.42642e-09
-1.42544e-09
-1.42446e-09
-1.42346e-09
-1.42245e-09
-1.42142e-09
-1.42039e-09
-1.41934e-09
-1.41829e-09
-1.41722e-09
-1.41615e-09
-1.41508e-09
-1.41399e-09
-1.4129e-09
-1.41181e-09
None
None
-1.35682e-09
-1.38193e-09
-1.39806e-09
-1.40922e-09
-1.41726e-09
-1.42311e-09
-1.42744e-09
-1.43069e-09
-1.43313e-09
-1.43495e-09
-1.4363e-09
-1.43739e-09
-1.43822e-09
-1.43878e-09
-1.43912e-09
-1.43927e-09
-1.43927e-09
-1.43914e-09
-1.4389e-09
-1.43857e-09
-1.43815e-09
-1.43766e-09
-1.43711e-09
-1.43651e-09
-1.43586e-09
-1.43516e-09
-1.43443e-09
-1.43367e-09
-1.43287e-09
-1.43205e-09
-1.4312e-09
-1.43034e-09
-1.42945e-09
-1.42854e-09
-1.42762e-09
-1.42668e-09
-1.42573e-09
-1.42477e-09
-1.4238e-09
-1.42281e-09
-1.42182e-09
-1.42081e-09
-1.4198e-09
-1.41878e-09
-1.41776e-09
-1.41673e-09
-1.41569e-09
None
None
-1.35493e-09
-1.38068e-09
-1.39727e-09
-1.40879e-09
-1.41713e-09
-1.42323e-09
-1.42777e-09
-1.43121e-09
-1.43381e-09
-1.43578e-09
-1.43727e-09
-1.43849e-09
-1.43943e-09
-1.4401e-09
-1.44054e-09
-1.4408e-09
-1.44089e-09
-1.44085e-09
-1.44069e-09
-1.44044e-09
-1.4401e-09
-1.43969e-09
-1.43921e-09
-1.43868e-09
-1.4381e-09
-1.43747e-09
-1.43681e-09
-1.43611e-09
-1.43538e-09
-1.43462e-09
-1.43384e-09
-1.43303e-09
-1.4322e-09
-1.43136e-09
-1.4305e-09
-1.42962e-09
-1.42872e-09
-1.42782e-09
-1.4269e-09
-1.42597e-09
-1.42503e-09
-1.42409e-09
-1.42313e-09
-1.42217e-09
-1.4212e-09
-1.42022e-09
-1.41924e-09
None
None
-1.35298e-09
-1.37935e-09
-1.3964e-09
-1.40827e-09
-1.4169e-09
-1.42323e-09
-1.42798e-09
-1.43159e-09
-1.43435e-09
-1.43647e-09
-1.43809e-09
-1.43943e-09
-1.44049e-09
-1.44126e-09
-1.4418e-09
-1.44215e-09
-1.44233e-09
-1.44237e-09
-1.44229e-09
-1.44212e-09
-1.44185e-09
-1.44151e-09
-1.44111e-09
-1.44065e-09
-1.44013e-09
-1.43957e-09
-1.43897e-09
-1.43833e-09
-1.43766e-09
-1.43696e-09
-1.43624e-09
-1.43549e-09
-1.43472e-09
-1.43393e-09
-1.43312e-09
-1.4323e-09
-1.43146e-09
-1.4306e-09
-1.42974e-09
-1.42886e-09
-1.42798e-09
-1.42708e-09
-1.42618e-09
-1.42526e-09
-1.42434e-09
-1.42342e-09
-1.42248e-09
None
None
-1.35098e-09
-1.37796e-09
-1.39545e-09
-1.40766e-09
-1.41657e-09
-1.42313e-09
-1.42808e-09
-1.43186e-09
-1.43478e-09
-1.43703e-09
-1.43878e-09
-1.44023e-09
-1.4414e-09
-1.44228e-09
-1.44291e-09
-1.44334e-09
-1.44361e-09
-1.44373e-09
-1.44373e-09
-1.44363e-09
-1.44344e-09
-1.44316e-09
-1.44283e-09
-1.44243e-09
-1.44197e-09
-1.44147e-09
-1.44093e-09
-1.44035e-09
-1.43974e-09
-1.4391e-09
-1.43843e-09
-1.43773e-09
-1.43701e-09
-1.43628e-09
-1.43552e-09
-1.43475e-09
-1.43396e-09
-1.43316e-09
-1.43234e-09
-1.43152e-09
-1.43068e-09
-1.42983e-09
-1.42897e-09
-1.42811e-09
-1.42724e-09
-1.42635e-09
-1.42547e-09
None
None
-1.34895e-09
-1.37652e-09
-1.39443e-09
-1.40698e-09
-1.41615e-09
-1.42294e-09
-1.42808e-09
-1.43203e-09
-1.4351e-09
-1.43749e-09
-1.43935e-09
-1.44092e-09
-1.44219e-09
-1.44316e-09
-1.44389e-09
-1.4444e-09
-1.44475e-09
-1.44495e-09
-1.44502e-09
-1.44499e-09
-1.44486e-09
-1.44466e-09
-1.44438e-09
-1.44404e-09
-1.44365e-09
-1.44321e-09
-1.44272e-09
-1.4422e-09
-1.44164e-09
-1.44105e-09
-1.44043e-09
-1.43979e-09
-1.43912e-09
-1.43843e-09
-1.43772e-09
-1.437e-09
-1.43626e-09
-1.4355e-09
-1.43474e-09
-1.43396e-09
-1.43316e-09
-1.43236e-09
-1.43155e-09
-1.43073e-09
-1.4299e-09
-1.42906e-09
-1.42822e-09
None
None
-1.34689e-09
-1.37503e-09
-1.39337e-09
-1.40624e-09
-1.41567e-09
-1.42268e-09
-1.428e-09
-1.43211e-09
-1.43532e-09
-1.43784e-09
-1.43982e-09
-1.4415e-09
-1.44287e-09
-1.44393e-09
-1.44475e-09
-1.44534e-09
-1.44577e-09
-1.44604e-09
-1.44618e-09
-1.44622e-09
-1.44616e-09
-1.44601e-09
-1.44579e-09
-1.44551e-09
-1.44518e-09
-1.44479e-09
-1.44436e-09
-1.44389e-09
-1.44338e-09
-1.44284e-09
-1.44227e-09
-1.44167e-09
-1.44105e-09
-1.44041e-09
-1.43975e-09
-1.43907e-09
-1.43838e-09
-1.43767e-09
-1.43694e-09
-1.4362e-09
-1.43545e-09
-1.43469e-09
-1.43392e-09
-1.43315e-09
-1.43236e-09
-1.43156e-09
-1.43076e-09
None
None
-1.34481e-09
-1.37351e-09
-1.39225e-09
-1.40544e-09
-1.41513e-09
-1.42234e-09
-1.42785e-09
-1.43212e-09
-1.43547e-09
-1.43811e-09
-1.4402e-09
-1.44198e-09
-1.44345e-09
-1.4446e-09
-1.4455e-09
-1.44618e-09
-1.44667e-09
-1.44702e-09
-1.44723e-09
-1.44732e-09
-1.44732e-09
-1.44724e-09
-1.44708e-09
-1.44685e-09
-1.44657e-09
-1.44624e-09
-1.44585e-09
-1.44543e-09
-1.44497e-09
-1.44448e-09
-1.44396e-09
-1.44341e-09
-1.44283e-09
-1.44224e-09
-1.44162e-09
-1.44098e-09
-1.44033e-09
-1.43966e-09
-1.43898e-09
-1.43828e-09
-1.43757e-09
-1.43685e-09
-1.43612e-09
-1.43538e-09
-1.43463e-09
-1.43388e-09
-1.43311e-09
None
None
-1.34271e-09
-1.37195e-09
-1.39109e-09
-1.40459e-09
-1.41453e-09
-1.42195e-09
-1.42763e-09
-1.43205e-09
-1.43553e-09
-1.4383e-09
-1.4405e-09
-1.44238e-09
-1.44394e-09
-1.44518e-09
-1.44616e-09
-1.44691e-09
-1.44748e-09
-1.44789e-09
-1.44816e-09
-1.44832e-09
-1.44838e-09
-1.44835e-09
-1.44825e-09
-1.44808e-09
-1.44784e-09
-1.44756e-09
-1.44723e-09
-1.44685e-09
-1.44644e-09
-1.44599e-09
-1.44551e-09
-1.44501e-09
-1.44447e-09
-1.44392e-09
-1.44334e-09
-1.44275e-09
-1.44214e-09
-1.44151e-09
-1.44086e-09
-1.44021e-09
-1.43953e-09
-1.43885e-09
-1.43816e-09
-1.43746e-09
-1.43675e-09
-1.43602e-09
-1.4353e-09
None
None
-1.34059e-09
-1.37037e-09
-1.3899e-09
-1.40369e-09
-1.41388e-09
-1.4215e-09
-1.42735e-09
-1.43192e-09
-1.43553e-09
-1.43841e-09
-1.44072e-09
-1.4427e-09
-1.44436e-09
-1.44568e-09
-1.44673e-09
-1.44756e-09
-1.44819e-09
-1.44867e-09
-1.44901e-09
-1.44923e-09
-1.44934e-09
-1.44937e-09
-1.44931e-09
-1.44919e-09
-1.44901e-09
-1.44877e-09
-1.44849e-09
-1.44816e-09
-1.44779e-09
-1.44738e-09
-1.44695e-09
-1.44648e-09
-1.44599e-09
-1.44548e-09
-1.44494e-09
-1.44438e-09
-1.44381e-09
-1.44322e-09
-1.44261e-09
-1.44199e-09
-1.44136e-09
-1.44071e-09
-1.44005e-09
-1.43938e-09
-1.43871e-09
-1.43802e-09
-1.43733e-09
None
None
-1.33846e-09
-1.36877e-09
-1.38867e-09
-1.40276e-09
-1.41318e-09
-1.421e-09
-1.42702e-09
-1.43173e-09
-1.43548e-09
-1.43847e-09
-1.44088e-09
-1.44296e-09
-1.4447e-09
-1.4461e-09
-1.44723e-09
-1.44813e-09
-1.44883e-09
-1.44937e-09
-1.44976e-09
-1.45004e-09
-1.45021e-09
-1.45029e-09
-1.45029e-09
-1.45021e-09
-1.45008e-09
-1.44989e-09
-1.44964e-09
-1.44936e-09
-1.44903e-09
-1.44867e-09
-1.44827e-09
-1.44785e-09
-1.4474e-09
-1.44692e-09
-1.44642e-09
-1.4459e-09
-1.44536e-09
-1.44481e-09
-1.44423e-09
-1.44365e-09
-1.44305e-09
-1.44244e-09
-1.44181e-09
-1.44118e-09
-1.44054e-09
-1.43988e-09
-1.43922e-09
None
None
-1.33633e-09
-1.36714e-09
-1.38742e-09
-1.4018e-09
-1.41245e-09
-1.42046e-09
-1.42664e-09
-1.4315e-09
-1.43536e-09
-1.43847e-09
-1.44098e-09
-1.44315e-09
-1.44497e-09
-1.44646e-09
-1.44766e-09
-1.44862e-09
-1.44939e-09
-1.44999e-09
-1.45044e-09
-1.45077e-09
-1.451e-09
-1.45113e-09
-1.45117e-09
-1.45115e-09
-1.45106e-09
-1.45091e-09
-1.45071e-09
-1.45046e-09
-1.45018e-09
-1.44985e-09
-1.4495e-09
-1.44911e-09
-1.4487e-09
-1.44825e-09
-1.44779e-09
-1.44731e-09
-1.4468e-09
-1.44628e-09
-1.44574e-09
-1.44519e-09
-1.44462e-09
-1.44405e-09
-1.44345e-09
-1.44285e-09
-1.44224e-09
-1.44162e-09
-1.44099e-09
None
None
-1.33418e-09
-1.3655e-09
-1.38615e-09
-1.40081e-09
-1.41168e-09
-1.41989e-09
-1.42622e-09
-1.43122e-09
-1.4352e-09
-1.43842e-09
-1.44102e-09
-1.44328e-09
-1.44519e-09
-1.44675e-09
-1.44802e-09
-1.44905e-09
-1.44988e-09
-1.45054e-09
-1.45105e-09
-1.45144e-09
-1.45171e-09
-1.45189e-09
-1.45198e-09
-1.452e-09
-1.45195e-09
-1.45185e-09
-1.45169e-09
-1.45148e-09
-1.45124e-09
-1.45095e-09
-1.45063e-09
-1.45028e-09
-1.4499e-09
-1.4495e-09
-1.44907e-09
-1.44862e-09
-1.44815e-09
-1.44766e-09
-1.44715e-09
-1.44663e-09
-1.4461e-09
-1.44555e-09
-1.44499e-09
-1.44441e-09
-1.44383e-09
-1.44324e-09
-1.44264e-09
None
None
-1.33204e-09
-1.36385e-09
-1.38485e-09
-1.39979e-09
-1.41089e-09
-1.41927e-09
-1.42577e-09
-1.43089e-09
-1.435e-09
-1.43832e-09
-1.44102e-09
-1.44337e-09
-1.44535e-09
-1.44699e-09
-1.44833e-09
-1.44943e-09
-1.45032e-09
-1.45103e-09
-1.4516e-09
-1.45203e-09
-1.45235e-09
-1.45258e-09
-1.45272e-09
-1.45278e-09
-1.45277e-09
-1.45271e-09
-1.45259e-09
-1.45242e-09
-1.45222e-09
-1.45197e-09
-1.45168e-09
-1.45137e-09
-1.45102e-09
-1.45065e-09
-1.45025e-09
-1.44984e-09
-1.4494e-09
-1.44894e-09
-1.44846e-09
-1.44797e-09
-1.44747e-09
-1.44695e-09
-1.44642e-09
-1.44587e-09
-1.44532e-09
-1.44476e-09
-1.44418e-09
None
None
-1.32989e-09
-1.36219e-09
-1.38354e-09
-1.39874e-09
-1.41006e-09
-1.41863e-09
-1.42528e-09
-1.43053e-09
-1.43475e-09
-1.43817e-09
-1.44097e-09
-1.4434e-09
-1.44547e-09
-1.44718e-09
-1.44858e-09
-1.44974e-09
-1.45069e-09
-1.45146e-09
-1.45208e-09
-1.45257e-09
-1.45294e-09
-1.45321e-09
-1.45339e-09
-1.45349e-09
-1.45353e-09
-1.4535e-09
-1.45342e-09
-1.45329e-09
-1.45312e-09
-1.45291e-09
-1.45266e-09
-1.45237e-09
-1.45206e-09
-1.45172e-09
-1.45136e-09
-1.45097e-09
-1.45056e-09
-1.45014e-09
-1.44969e-09
-1.44923e-09
-1.44875e-09
-1.44826e-09
-1.44776e-09
-1.44724e-09
-1.44672e-09
-1.44618e-09
-1.44563e-09
None
None
-1.32775e-09
-1.36051e-09
-1.38221e-09
-1.39768e-09
-1.40922e-09
-1.41796e-09
-1.42475e-09
-1.43014e-09
-1.43447e-09
-1.43799e-09
-1.44088e-09
-1.4434e-09
-1.44554e-09
-1.44732e-09
-1.44879e-09
-1.45001e-09
-1.45102e-09
-1.45184e-09
-1.45251e-09
-1.45304e-09
-1.45346e-09
-1.45378e-09
-1.454e-09
-1.45415e-09
-1.45422e-09
-1.45423e-09
-1.45419e-09
-1.4541e-09
-1.45396e-09
-1.45378e-09
-1.45356e-09
-1.45331e-09
-1.45303e-09
-1.45272e-09
-1.45239e-09
-1.45203e-09
-1.45165e-09
-1.45125e-09
-1.45084e-09
-1.4504e-09
-1.44996e-09
-1.44949e-09
-1.44901e-09
-1.44853e-09
-1.44803e-09
-1.44751e-09
-1.44699e-09
None
None
-1.3256e-09
-1.35883e-09
-1.38087e-09
-1.3966e-09
-1.40834e-09
-1.41726e-09
-1.4242e-09
-1.42972e-09
-1.43416e-09
-1.43778e-09
-1.44076e-09
-1.44335e-09
-1.44557e-09
-1.44742e-09
-1.44895e-09
-1.45023e-09
-1.4513e-09
-1.45217e-09
-1.45289e-09
-1.45347e-09
-1.45393e-09
-1.45429e-09
-1.45456e-09
-1.45474e-09
-1.45486e-09
-1.4549e-09
-1.4549e-09
-1.45484e-09
-1.45473e-09
-1.45459e-09
-1.4544e-09
-1.45418e-09
-1.45393e-09
-1.45365e-09
-1.45335e-09
-1.45302e-09
-1.45267e-09
-1.4523e-09
-1.45191e-09
-1.4515e-09
-1.45108e-09
-1.45064e-09
-1.45019e-09
-1.44973e-09
-1.44925e-09
-1.44877e-09
-1.44827e-09
None
None
-1.32345e-09
-1.35715e-09
-1.37952e-09
-1.39551e-09
-1.40745e-09
-1.41654e-09
-1.42363e-09
-1.42926e-09
-1.43381e-09
-1.43753e-09
-1.4406e-09
-1.44327e-09
-1.44556e-09
-1.44748e-09
-1.44908e-09
-1.45041e-09
-1.45153e-09
-1.45246e-09
-1.45323e-09
-1.45385e-09
-1.45436e-09
-1.45476e-09
-1.45506e-09
-1.45529e-09
-1.45544e-09
-1.45552e-09
-1.45555e-09
-1.45552e-09
-1.45545e-09
-1.45534e-09
-1.45518e-09
-1.45499e-09
-1.45477e-09
-1.45452e-09
-1.45425e-09
-1.45395e-09
-1.45362e-09
-1.45328e-09
-1.45292e-09
-1.45254e-09
-1.45214e-09
-1.45173e-09
-1.4513e-09
-1.45086e-09
-1.45041e-09
-1.44995e-09
-1.44947e-09
None
None
-1.32131e-09
-1.35546e-09
-1.37815e-09
-1.3944e-09
-1.40655e-09
-1.4158e-09
-1.42303e-09
-1.42879e-09
-1.43344e-09
-1.43726e-09
-1.4404e-09
-1.44316e-09
-1.44552e-09
-1.4475e-09
-1.44916e-09
-1.45056e-09
-1.45173e-09
-1.4527e-09
-1.45352e-09
-1.45419e-09
-1.45474e-09
-1.45518e-09
-1.45552e-09
-1.45578e-09
-1.45597e-09
-1.45609e-09
-1.45615e-09
-1.45616e-09
-1.45612e-09
-1.45603e-09
-1.45591e-09
-1.45575e-09
-1.45556e-09
-1.45534e-09
-1.45509e-09
-1.45481e-09
-1.45451e-09
-1.4542e-09
-1.45386e-09
-1.4535e-09
-1.45313e-09
-1.45274e-09
-1.45234e-09
-1.45192e-09
-1.4515e-09
-1.45106e-09
-1.45061e-09
None
None
-1.31917e-09
-1.35377e-09
-1.37678e-09
-1.39327e-09
-1.40562e-09
-1.41504e-09
-1.42241e-09
-1.42828e-09
-1.43305e-09
-1.43695e-09
-1.44018e-09
-1.44302e-09
-1.44545e-09
-1.44749e-09
-1.44921e-09
-1.45066e-09
-1.45188e-09
-1.45291e-09
-1.45377e-09
-1.45449e-09
-1.45508e-09
-1.45556e-09
-1.45594e-09
-1.45623e-09
-1.45646e-09
-1.45661e-09
-1.4567e-09
-1.45674e-09
-1.45673e-09
-1.45668e-09
-1.45658e-09
-1.45645e-09
-1.45629e-09
-1.45609e-09
-1.45587e-09
-1.45562e-09
-1.45535e-09
-1.45506e-09
-1.45474e-09
-1.45441e-09
-1.45406e-09
-1.4537e-09
-1.45332e-09
-1.45293e-09
-1.45252e-09
-1.4521e-09
-1.45168e-09
None
None
-1.31703e-09
-1.35207e-09
-1.37541e-09
-1.39214e-09
-1.40469e-09
-1.41426e-09
-1.42177e-09
-1.42776e-09
-1.43263e-09
-1.43663e-09
-1.43994e-09
-1.44284e-09
-1.44535e-09
-1.44745e-09
-1.44923e-09
-1.45074e-09
-1.45201e-09
-1.45308e-09
-1.45399e-09
-1.45475e-09
-1.45538e-09
-1.45589e-09
-1.45631e-09
-1.45665e-09
-1.4569e-09
-1.45709e-09
-1.45721e-09
-1.45728e-09
-1.4573e-09
-1.45728e-09
-1.45721e-09
-1.45711e-09
-1.45697e-09
-1.4568e-09
-1.4566e-09
-1.45638e-09
-1.45613e-09
-1.45586e-09
-1.45557e-09
-1.45527e-09
-1.45494e-09
-1.4546e-09
-1.45424e-09
-1.45387e-09
-1.45349e-09
-1.45309e-09
-1.45268e-09
None
None
-1.31489e-09
-1.35038e-09
-1.37402e-09
-1.391e-09
-1.40374e-09
-1.41347e-09
-1.42111e-09
-1.42722e-09
-1.43219e-09
-1.43627e-09
-1.43967e-09
-1.44265e-09
-1.44522e-09
-1.44738e-09
-1.44922e-09
-1.45078e-09
-1.4521e-09
-1.45322e-09
-1.45417e-09
-1.45497e-09
-1.45564e-09
-1.4562e-09
-1.45665e-09
-1.45702e-09
-1.45731e-09
-1.45753e-09
-1.45768e-09
-1.45778e-09
-1.45783e-09
-1.45783e-09
-1.45779e-09
-1.45772e-09
-1.4576e-09
-1.45746e-09
-1.45729e-09
-1.45709e-09
-1.45687e-09
-1.45662e-09
-1.45635e-09
-1.45607e-09
-1.45576e-09
-1.45544e-09
-1.45511e-09
-1.45476e-09
-1.4544e-09
-1.45402e-09
-1.45363e-09
None
None
-1.31275e-09
-1.34868e-09
-1.37264e-09
-1.38985e-09
-1.40278e-09
-1.41267e-09
-1.42044e-09
-1.42666e-09
-1.43173e-09
-1.4359e-09
-1.43938e-09
-1.44243e-09
-1.44506e-09
-1.44729e-09
-1.44918e-09
-1.45079e-09
-1.45216e-09
-1.45333e-09
-1.45432e-09
-1.45516e-09
-1.45587e-09
-1.45646e-09
-1.45695e-09
-1.45736e-09
-1.45768e-09
-1.45793e-09
-1.45811e-09
-1.45824e-09
-1.45832e-09
-1.45835e-09
-1.45833e-09
-1.45828e-09
-1.4582e-09
-1.45808e-09
-1.45793e-09
-1.45776e-09
-1.45755e-09
-1.45733e-09
-1.45709e-09
-1.45682e-09
-1.45654e-09
-1.45624e-09
-1.45593e-09
-1.4556e-09
-1.45526e-09
-1.4549e-09
-1.45453e-09
None
None
-1.31062e-09
-1.34698e-09
-1.37124e-09
-1.38869e-09
-1.40181e-09
-1.41185e-09
-1.41975e-09
-1.42609e-09
-1.43125e-09
-1.43551e-09
-1.43906e-09
-1.44218e-09
-1.44488e-09
-1.44717e-09
-1.44912e-09
-1.45078e-09
-1.4522e-09
-1.45341e-09
-1.45445e-09
-1.45533e-09
-1.45607e-09
-1.4567e-09
-1.45723e-09
-1.45766e-09
-1.45801e-09
-1.45829e-09
-1.45851e-09
-1.45866e-09
-1.45877e-09
-1.45882e-09
-1.45884e-09
-1.45881e-09
-1.45875e-09
-1.45866e-09
-1.45853e-09
-1.45838e-09
-1.4582e-09
-1.458e-09
-1.45778e-09
-1.45753e-09
-1.45727e-09
-1.45699e-09
-1.4567e-09
-1.45639e-09
-1.45607e-09
-1.45573e-09
-1.45538e-09
None
None
-1.30848e-09
-1.34529e-09
-1.36985e-09
-1.38752e-09
-1.40083e-09
-1.41102e-09
-1.41905e-09
-1.4255e-09
-1.43076e-09
-1.4351e-09
-1.43873e-09
-1.44192e-09
-1.44468e-09
-1.44703e-09
-1.44903e-09
-1.45074e-09
-1.45221e-09
-1.45347e-09
-1.45454e-09
-1.45546e-09
-1.45624e-09
-1.45691e-09
-1.45747e-09
-1.45793e-09
-1.45832e-09
-1.45863e-09
-1.45887e-09
-1.45905e-09
-1.45918e-09
-1.45927e-09
-1.45931e-09
-1.4593e-09
-1.45927e-09
-1.45919e-09
-1.45909e-09
-1.45896e-09
-1.45881e-09
-1.45863e-09
-1.45843e-09
-1.4582e-09
-1.45796e-09
-1.4577e-09
-1.45743e-09
-1.45714e-09
-1.45683e-09
-1.45652e-09
-1.45619e-09
None
None
-1.30635e-09
-1.34359e-09
-1.36845e-09
-1.38636e-09
-1.39984e-09
-1.41018e-09
-1.41834e-09
-1.42489e-09
-1.43025e-09
-1.43468e-09
-1.43838e-09
-1.44164e-09
-1.44447e-09
-1.44687e-09
-1.44892e-09
-1.45068e-09
-1.4522e-09
-1.4535e-09
-1.45461e-09
-1.45557e-09
-1.45639e-09
-1.45709e-09
-1.45768e-09
-1.45818e-09
-1.45859e-09
-1.45893e-09
-1.4592e-09
-1.45941e-09
-1.45957e-09
-1.45968e-09
-1.45974e-09
-1.45976e-09
-1.45975e-09
-1.4597e-09
-1.45962e-09
-1.45951e-09
-1.45938e-09
-1.45922e-09
-1.45904e-09
-1.45883e-09
-1.45861e-09
-1.45837e-09
-1.45812e-09
-1.45785e-09
-1.45756e-09
-1.45726e-09
-1.45695e-09
None
None
-1.30422e-09
-1.34189e-09
-1.36705e-09
-1.38518e-09
-1.39884e-09
-1.40934e-09
-1.41761e-09
-1.42428e-09
-1.42972e-09
-1.43424e-09
-1.43801e-09
-1.44134e-09
-1.44423e-09
-1.44669e-09
-1.4488e-09
-1.4506e-09
-1.45216e-09
-1.4535e-09
-1.45466e-09
-1.45565e-09
-1.45651e-09
-1.45724e-09
-1.45786e-09
-1.45839e-09
-1.45884e-09
-1.4592e-09
-1.4595e-09
-1.45974e-09
-1.45992e-09
-1.46006e-09
-1.46014e-09
-1.46019e-09
-1.4602e-09
-1.46017e-09
-1.46011e-09
-1.46003e-09
-1.45991e-09
-1.45977e-09
-1.45961e-09
-1.45943e-09
-1.45923e-09
-1.459e-09
-1.45877e-09
-1.45851e-09
-1.45825e-09
-1.45796e-09
-1.45767e-09
