None
None
None
None
None
None
None
None
None
None
None
None
None
None
None
None
None
None
None
None
None
None
None
None
None
None
None
None
None
None
None
None
None
None
None
None
None
None
None
None
None
None
None
None
None
None
None
None
None
None
None
None
None
None
None
None
None
None
None
None
None
None
None
None
None
None
None
None
None
None
None
None
None
None
None
None
None
None
None
None
None
None
None
None
None
None
None
None
None
None
None
None
None
None
None
None
None
None
None
None
-2.924444e-09
-2.925829e-09
-2.921417e-09
-2.9143e-09
-2.905817e-09
-2.896367e-09
-2.886355e-09
-2.875982e-09
-2.865356e-09
-2.854541e-09
-2.843589e-09
-2.832959e-09
-2.822451e-09
-2.81187e-09
-2.801236e-09
-2.790564e-09
-2.779861e-09
-2.769139e-09
-2.758402e-09
-2.747655e-09
-2.736903e-09
-2.726148e-09
-2.715394e-09
-2.704641e-09
-2.693891e-09
-2.683147e-09
-2.672409e-09
-2.661678e-09
-2.650954e-09
-2.640239e-09
-2.629532e-09
-2.618835e-09
-2.608146e-09
-2.597468e-09
-2.586799e-09
-2.57614e-09
-2.565491e-09
-2.554852e-09
-2.544224e-09
-2.533606e-09
-2.522998e-09
-2.5124e-09
-2.501813e-09
-2.491236e-09
-2.480669e-09
-2.470112e-09
-2.459565e-09
None
None
-2.93568e-09
-2.940932e-09
-2.940038e-09
-2.936152e-09
-2.930639e-09
-2.923967e-09
-2.916596e-09
-2.908782e-09
-2.900664e-09
-2.892325e-09
-2.883818e-09
-2.875539e-09
-2.867321e-09
-2.859011e-09
-2.850631e-09
-2.842194e-09
-2.833714e-09
-2.8252e-09
-2.816662e-09
-2.808102e-09
-2.799529e-09
-2.790943e-09
-2.78235e-09
-2.773752e-09
-2.765149e-09
-2.756546e-09
-2.747942e-09
-2.739339e-09
-2.730738e-09
-2.72214e-09
-2.713546e-09
-2.704955e-09
-2.696369e-09
-2.687788e-09
-2.679213e-09
-2.670643e-09
-2.662079e-09
-2.653522e-09
-2.64497e-09
-2.636425e-09
-2.627886e-09
-2.619355e-09
-2.610829e-09
-2.602311e-09
-2.5938e-09
-2.585295e-09
-2.576797e-09
None
None
-2.943271e-09
-2.951272e-09
-2.95287e-09
-2.951276e-09
-2.947878e-09
-2.943188e-09
-2.937689e-09
-2.931667e-09
-2.925292e-09
-2.918665e-09
-2.911847e-09
-2.905191e-09
-2.898557e-09
-2.891814e-09
-2.884986e-09
-2.87809e-09
-2.871139e-09
-2.864146e-09
-2.857118e-09
-2.850062e-09
-2.842984e-09
-2.835889e-09
-2.82878e-09
-2.82166e-09
-2.814532e-09
-2.807396e-09
-2.800256e-09
-2.793113e-09
-2.785968e-09
-2.778822e-09
-2.771677e-09
-2.764531e-09
-2.757387e-09
-2.750244e-09
-2.743104e-09
-2.735967e-09
-2.728833e-09
-2.721702e-09
-2.714575e-09
-2.707452e-09
-2.700332e-09
-2.693217e-09
-2.686106e-09
-2.679e-09
-2.671898e-09
-2.664801e-09
-2.657709e-09
None
None
-2.949025e-09
-2.959138e-09
-2.962642e-09
-2.962796e-09
-2.961017e-09
-2.957847e-09
-2.953783e-09
-2.949129e-09
-2.944073e-09
-2.938733e-09
-2.93318e-09
-2.927739e-09
-2.92229e-09
-2.916721e-09
-2.911055e-09
-2.905312e-09
-2.899506e-09
-2.893648e-09
-2.887749e-09
-2.881815e-09
-2.875855e-09
-2.869871e-09
-2.863869e-09
-2.857852e-09
-2.851822e-09
-2.845782e-09
-2.839734e-09
-2.83368e-09
-2.82762e-09
-2.821557e-09
-2.815491e-09
-2.809422e-09
-2.803353e-09
-2.797283e-09
-2.791213e-09
-2.785143e-09
-2.779074e-09
-2.773007e-09
-2.766942e-09
-2.760878e-09
-2.754817e-09
-2.748758e-09
-2.742701e-09
-2.736648e-09
-2.730597e-09
-2.724549e-09
-2.718504e-09
None
None
-2.953556e-09
-2.965359e-09
-2.970376e-09
-2.971915e-09
-2.971417e-09
-2.969454e-09
-2.966531e-09
-2.962963e-09
-2.958948e-09
-2.954618e-09
-2.950053e-09
-2.945557e-09
-2.941028e-09
-2.936372e-09
-2.93161e-09
-2.926763e-09
-2.921845e-09
-2.91687e-09
-2.911847e-09
-2.906786e-09
-2.901692e-09
-2.896571e-09
-2.891427e-09
-2.886265e-09
-2.881087e-09
-2.875896e-09
-2.870694e-09
-2.865483e-09
-2.860265e-09
-2.855039e-09
-2.84981e-09
-2.844577e-09
-2.83934e-09
-2.8341e-09
-2.828859e-09
-2.823617e-09
-2.818374e-09
-2.81313e-09
-2.807887e-09
-2.802645e-09
-2.797403e-09
-2.792161e-09
-2.786921e-09
-2.781683e-09
-2.776447e-09
-2.771211e-09
-2.765978e-09
None
None
-2.956754e-09
-2.969907e-09
-2.976124e-09
-2.978757e-09
-2.979271e-09
-2.978257e-09
-2.976236e-09
-2.973526e-09
-2.970332e-09
-2.966791e-09
-2.962996e-09
-2.959232e-09
-2.955416e-09
-2.951463e-09
-2.947399e-09
-2.943242e-09
-2.939009e-09
-2.934714e-09
-2.930366e-09
-2.925974e-09
-2.921546e-09
-2.917087e-09
-2.912603e-09
-2.908096e-09
-2.903572e-09
-2.89903e-09
-2.894478e-09
-2.889912e-09
-2.885338e-09
-2.880755e-09
-2.876166e-09
-2.871571e-09
-2.866971e-09
-2.862368e-09
-2.857761e-09
-2.853151e-09
-2.84854e-09
-2.843926e-09
-2.839312e-09
-2.834697e-09
-2.830081e-09
-2.825466e-09
-2.820851e-09
-2.816236e-09
-2.811622e-09
-2.807007e-09
-2.802395e-09
None
None
-2.959045e-09
-2.973314e-09
-2.980513e-09
-2.984037e-09
-2.985373e-09
-2.985132e-09
-2.983843e-09
-2.981829e-09
-2.979302e-09
-2.976402e-09
-2.973228e-09
-2.970051e-09
-2.966804e-09
-2.963414e-09
-2.959905e-09
-2.956299e-09
-2.952612e-09
-2.948857e-09
-2.945045e-09
-2.941186e-09
-2.937287e-09
-2.933354e-09
-2.929392e-09
-2.925405e-09
-2.921398e-09
-2.917373e-09
-2.913333e-09
-2.909279e-09
-2.905214e-09
-2.90114e-09
-2.897057e-09
-2.892967e-09
-2.888871e-09
-2.884771e-09
-2.880665e-09
-2.876556e-09
-2.872443e-09
-2.868328e-09
-2.864211e-09
-2.860091e-09
-2.855971e-09
-2.85185e-09
-2.847729e-09
-2.843606e-09
-2.839484e-09
-2.835361e-09
-2.831238e-09
None
None
-2.960691e-09
-2.975907e-09
-2.983931e-09
-2.9882e-09
-2.990221e-09
-2.990623e-09
-2.989941e-09
-2.988507e-09
-2.986533e-09
-2.984166e-09
-2.981506e-09
-2.978816e-09
-2.976036e-09
-2.973106e-09
-2.970053e-09
-2.966897e-09
-2.963656e-09
-2.960343e-09
-2.956968e-09
-2.953544e-09
-2.950075e-09
-2.946571e-09
-2.943033e-09
-2.939471e-09
-2.935884e-09
-2.932279e-09
-2.928656e-09
-2.925017e-09
-2.921367e-09
-2.917705e-09
-2.914033e-09
-2.910354e-09
-2.906667e-09
-2.902973e-09
-2.899275e-09
-2.895572e-09
-2.891864e-09
-2.888152e-09
-2.884439e-09
-2.880722e-09
-2.877002e-09
-2.873282e-09
-2.869561e-09
-2.865837e-09
-2.862113e-09
-2.858389e-09
-2.854664e-09
None
None
-2.961864e-09
-2.977901e-09
-2.986633e-09
-2.991537e-09
-2.99414e-09
-2.995087e-09
-2.994921e-09
-2.993977e-09
-2.992473e-09
-2.990556e-09
-2.98833e-09
-2.98605e-09
-2.983666e-09
-2.981121e-09
-2.978448e-09
-2.975668e-09
-2.972799e-09
-2.969853e-09
-2.966844e-09
-2.963781e-09
-2.960672e-09
-2.957523e-09
-2.954341e-09
-2.951129e-09
-2.947893e-09
-2.944635e-09
-2.941358e-09
-2.938064e-09
-2.934758e-09
-2.931438e-09
-2.928107e-09
-2.924768e-09
-2.92142e-09
-2.918064e-09
-2.914703e-09
-2.911335e-09
-2.907962e-09
-2.904586e-09
-2.901205e-09
-2.897822e-09
-2.894436e-09
-2.891046e-09
-2.887656e-09
-2.884263e-09
-2.880868e-09
-2.877474e-09
-2.874076e-09
None
None
-2.96268e-09
-2.979441e-09
-2.988792e-09
-2.994247e-09
-2.997354e-09
-2.998771e-09
-2.999048e-09
-2.998526e-09
-2.997425e-09
-2.995895e-09
-2.994041e-09
-2.992115e-09
-2.990067e-09
-2.987853e-09
-2.985504e-09
-2.983042e-09
-2.980489e-09
-2.977856e-09
-2.975156e-09
-2.9724e-09
-2.969595e-09
-2.966747e-09
-2.963864e-09
-2.96095e-09
-2.958009e-09
-2.955045e-09
-2.952061e-09
-2.949059e-09
-2.946041e-09
-2.943011e-09
-2.939968e-09
-2.936915e-09
-2.933853e-09
-2.930782e-09
-2.927704e-09
-2.92462e-09
-2.92153e-09
-2.918435e-09
-2.915336e-09
-2.912232e-09
-2.909125e-09
-2.906016e-09
-2.902904e-09
-2.89979e-09
-2.896673e-09
-2.893555e-09
-2.890436e-09
None
None
-2.963219e-09
-2.980631e-09
-2.990529e-09
-2.99647e-09
-3.000018e-09
-3.001845e-09
-3.00251e-09
-3.002355e-09
-3.001605e-09
-3.000413e-09
-2.998884e-09
-2.997263e-09
-2.995509e-09
-2.993581e-09
-2.991511e-09
-2.989326e-09
-2.987043e-09
-2.98468e-09
-2.982246e-09
-2.979754e-09
-2.977209e-09
-2.974621e-09
-2.971995e-09
-2.969337e-09
-2.96665e-09
-2.963937e-09
-2.961204e-09
-2.958452e-09
-2.955682e-09
-2.952898e-09
-2.950101e-09
-2.947294e-09
-2.944476e-09
-2.941649e-09
-2.938813e-09
-2.935971e-09
-2.933122e-09
-2.930268e-09
-2.92741e-09
-2.924546e-09
-2.921679e-09
-2.918807e-09
-2.915933e-09
-2.913056e-09
-2.910177e-09
-2.907296e-09
-2.904413e-09
None
None
-2.964018e-09
-2.982049e-09
-2.992466e-09
-2.998861e-09
-3.002822e-09
-3.005033e-09
-3.006059e-09
-3.006249e-09
-3.005829e-09
-3.004953e-09
-3.00373e-09
-3.002398e-09
-3.000918e-09
-2.999258e-09
-2.997452e-09
-2.995525e-09
-2.993498e-09
-2.991386e-09
-2.989202e-09
-2.986956e-09
-2.984658e-09
-2.982313e-09
-2.979928e-09
-2.977509e-09
-2.975059e-09
-2.972585e-09
-2.970086e-09
-2.967569e-09
-2.965032e-09
-2.962482e-09
-2.959916e-09
-2.957338e-09
-2.95475e-09
-2.952151e-09
-2.949545e-09
-2.946929e-09
-2.944308e-09
-2.94168e-09
-2.939046e-09
-2.936409e-09
-2.933766e-09
-2.931118e-09
-2.928469e-09
-2.925815e-09
-2.923158e-09
-2.9205e-09
-2.917839e-09
None
None
-2.964778e-09
-2.983385e-09
-2.994279e-09
-3.001091e-09
-3.005426e-09
-3.007986e-09
-3.00934e-09
-3.009842e-09
-3.00972e-09
-3.009131e-09
-3.008185e-09
-3.007114e-09
-3.005884e-09
-3.004467e-09
-3.002897e-09
-3.001204e-09
-2.999407e-09
-2.997522e-09
-2.995563e-09
-2.99354e-09
-2.991461e-09
-2.989335e-09
-2.987168e-09
-2.984964e-09
-2.98273e-09
-2.980468e-09
-2.978181e-09
-2.975874e-09
-2.973548e-09
-2.971204e-09
-2.968847e-09
-2.966477e-09
-2.964093e-09
-2.961701e-09
-2.959299e-09
-2.956888e-09
-2.954471e-09
-2.952045e-09
-2.949615e-09
-2.947178e-09
-2.944737e-09
-2.942292e-09
-2.939842e-09
-2.937389e-09
-2.934932e-09
-2.932474e-09
-2.930011e-09
None
None
-2.965298e-09
-2.984434e-09
-2.995758e-09
-3.002944e-09
-3.007615e-09
-3.010485e-09
-3.01213e-09
-3.012908e-09
-3.013049e-09
-3.012715e-09
-3.012013e-09
-3.011172e-09
-3.010164e-09
-3.00896e-09
-3.0076e-09
-3.006111e-09
-3.004516e-09
-3.002829e-09
-3.001066e-09
-2.999237e-09
-2.997352e-09
-2.995417e-09
-2.993439e-09
-2.991424e-09
-2.989376e-09
-2.987299e-09
-2.985197e-09
-2.983072e-09
-2.980928e-09
-2.978767e-09
-2.976591e-09
-2.9744e-09
-2.972196e-09
-2.969981e-09
-2.967758e-09
-2.965525e-09
-2.963283e-09
-2.961034e-09
-2.95878e-09
-2.956519e-09
-2.954252e-09
-2.951981e-09
-2.949706e-09
-2.947427e-09
-2.945144e-09
-2.942858e-09
-2.940569e-09
None
None
-2.965626e-09
-2.985249e-09
-2.996969e-09
-3.004494e-09
-3.009468e-09
-3.012615e-09
-3.014521e-09
-3.015546e-09
-3.015923e-09
-3.015814e-09
-3.015331e-09
-3.014696e-09
-3.013885e-09
-3.012872e-09
-3.011698e-09
-3.01039e-09
-3.008971e-09
-3.007461e-09
-3.005872e-09
-3.004215e-09
-3.002499e-09
-3.000732e-09
-2.998921e-09
-2.997071e-09
-2.995188e-09
-2.993275e-09
-2.991335e-09
-2.989372e-09
-2.987388e-09
-2.985386e-09
-2.983368e-09
-2.981335e-09
-2.979289e-09
-2.977231e-09
-2.975162e-09
-2.973084e-09
-2.970998e-09
-2.968905e-09
-2.966804e-09
-2.964697e-09
-2.962584e-09
-2.960466e-09
-2.958344e-09
-2.956216e-09
-2.954085e-09
-2.95195e-09
-2.949813e-09
None
None
-2.965797e-09
-2.985875e-09
-2.997958e-09
-3.005794e-09
-3.011043e-09
-3.014443e-09
-3.016585e-09
-3.017832e-09
-3.018421e-09
-3.018515e-09
-3.018227e-09
-3.017778e-09
-3.017143e-09
-3.016303e-09
-3.015294e-09
-3.014149e-09
-3.012891e-09
-3.011537e-09
-3.010101e-09
-3.008598e-09
-3.007032e-09
-3.005416e-09
-3.003754e-09
-3.00205e-09
-3.000313e-09
-2.998545e-09
-2.996749e-09
-2.994928e-09
-2.993086e-09
-2.991226e-09
-2.989349e-09
-2.987456e-09
-2.985549e-09
-2.98363e-09
-2.9817e-09
-2.97976e-09
-2.977811e-09
-2.975853e-09
-2.973889e-09
-2.971917e-09
-2.96994e-09
-2.967957e-09
-2.965969e-09
-2.963977e-09
-2.96198e-09
-2.95998e-09
-2.957976e-09
None
None
-2.965838e-09
-2.986342e-09
-2.998764e-09
-3.006886e-09
-3.012389e-09
-3.016019e-09
-3.018375e-09
-3.019824e-09
-3.020606e-09
-3.020884e-09
-3.020773e-09
-3.020492e-09
-3.020017e-09
-3.019331e-09
-3.018474e-09
-3.017476e-09
-3.016361e-09
-3.015147e-09
-3.013851e-09
-3.012484e-09
-3.011054e-09
-3.009573e-09
-3.008042e-09
-3.006472e-09
-3.004865e-09
-3.003226e-09
-3.001559e-09
-2.999866e-09
-2.998151e-09
-2.996418e-09
-2.994665e-09
-2.992897e-09
-2.991114e-09
-2.989319e-09
-2.987513e-09
-2.985696e-09
-2.983868e-09
-2.982032e-09
-2.98019e-09
-2.97834e-09
-2.976484e-09
-2.974622e-09
-2.972754e-09
-2.970881e-09
-2.969003e-09
-2.967122e-09
-2.965238e-09
None
None
-2.965771e-09
-2.986678e-09
-2.999417e-09
-3.007805e-09
-3.013541e-09
-3.017384e-09
-3.019936e-09
-3.02157e-09
-3.022527e-09
-3.022972e-09
-3.023023e-09
-3.022894e-09
-3.022566e-09
-3.022021e-09
-3.021301e-09
-3.020436e-09
-3.019452e-09
-3.018366e-09
-3.017196e-09
-3.015952e-09
-3.014645e-09
-3.013283e-09
-3.011874e-09
-3.010422e-09
-3.008932e-09
-3.007411e-09
-3.005859e-09
-3.004282e-09
-3.002682e-09
-3.00106e-09
-2.999422e-09
-2.997766e-09
-2.996094e-09
-2.994411e-09
-2.992715e-09
-2.991007e-09
-2.989291e-09
-2.987565e-09
-2.985831e-09
-2.984089e-09
-2.982342e-09
-2.980588e-09
-2.978827e-09
-2.977061e-09
-2.975292e-09
-2.973519e-09
-2.97174e-09
None
None
-2.965612e-09
-2.986902e-09
-2.999939e-09
-3.008577e-09
-3.01453e-09
-3.018569e-09
-3.021303e-09
-3.023106e-09
-3.024224e-09
-3.024824e-09
-3.025022e-09
-3.025032e-09
-3.024838e-09
-3.024423e-09
-3.023828e-09
-3.023084e-09
-3.022219e-09
-3.02125e-09
-3.020194e-09
-3.019063e-09
-3.017868e-09
-3.016616e-09
-3.015314e-09
-3.01397e-09
-3.012588e-09
-3.011171e-09
-3.009726e-09
-3.008252e-09
-3.006756e-09
-3.005237e-09
-3.003701e-09
-3.002146e-09
-3.000577e-09
-2.998993e-09
-2.997398e-09
-2.99579e-09
-2.994172e-09
-2.992546e-09
-2.990909e-09
-2.989267e-09
-2.987617e-09
-2.985959e-09
-2.984297e-09
-2.982629e-09
-2.980955e-09
-2.979278e-09
-2.977596e-09
None
None
-2.965376e-09
-2.987032e-09
-3.000351e-09
-3.009222e-09
-3.015378e-09
-3.0196e-09
-3.022502e-09
-3.024463e-09
-3.02573e-09
-3.026471e-09
-3.026805e-09
-3.026944e-09
-3.026873e-09
-3.026577e-09
-3.026096e-09
-3.025466e-09
-3.024709e-09
-3.023847e-09
-3.022896e-09
-3.021868e-09
-3.020774e-09
-3.019623e-09
-3.018421e-09
-3.017174e-09
-3.015889e-09
-3.01457e-09
-3.013219e-09
-3.011841e-09
-3.010439e-09
-3.009013e-09
-3.00757e-09
-3.006108e-09
-3.004631e-09
-3.003138e-09
-3.001634e-09
-3.000116e-09
-2.99859e-09
-2.997051e-09
-2.995507e-09
-2.993952e-09
-2.992391e-09
-2.990822e-09
-2.989248e-09
-2.987668e-09
-2.986082e-09
-2.984493e-09
-2.982897e-09
None
None
-2.965074e-09
-2.98708e-09
-3.000667e-09
-3.00976e-09
-3.016106e-09
-3.020499e-09
-3.023558e-09
-3.025665e-09
-3.027069e-09
-3.027942e-09
-3.028402e-09
-3.02866e-09
-3.028702e-09
-3.028516e-09
-3.028142e-09
-3.027615e-09
-3.026959e-09
-3.026196e-09
-3.025342e-09
-3.024409e-09
-3.023408e-09
-3.022348e-09
-3.021237e-09
-3.02008e-09
-3.018885e-09
-3.017653e-09
-3.016391e-09
-3.015099e-09
-3.013783e-09
-3.012445e-09
-3.011085e-09
-3.009708e-09
-3.008315e-09
-3.006906e-09
-3.005485e-09
-3.004049e-09
-3.002605e-09
-3.001149e-09
-2.999686e-09
-2.998212e-09
-2.996732e-09
-2.995244e-09
-2.993751e-09
-2.992251e-09
-2.990745e-09
-2.989235e-09
-2.98772e-09
None
None
-2.964715e-09
-2.987057e-09
-3.000901e-09
-3.010203e-09
-3.01673e-09
-3.021284e-09
-3.024489e-09
-3.026732e-09
-3.028266e-09
-3.02926e-09
-3.029837e-09
-3.030206e-09
-3.030353e-09
-3.030269e-09
-3.029994e-09
-3.029563e-09
-3.029e-09
-3.028328e-09
-3.027563e-09
-3.026717e-09
-3.025803e-09
-3.024828e-09
-3.023801e-09
-3.022728e-09
-3.021614e-09
-3.020464e-09
-3.019281e-09
-3.018069e-09
-3.016833e-09
-3.015574e-09
-3.014292e-09
-3.012992e-09
-3.011676e-09
-3.010344e-09
-3.008998e-09
-3.007641e-09
-3.006271e-09
-3.00489e-09
-3.003502e-09
-3.002102e-09
-3.000697e-09
-2.999283e-09
-2.997863e-09
-2.996437e-09
-2.995004e-09
-2.993568e-09
-2.992124e-09
None
None
-2.964307e-09
-2.986974e-09
-3.001063e-09
-3.010565e-09
-3.017263e-09
-3.021968e-09
-3.025311e-09
-3.027682e-09
-3.029336e-09
-3.030445e-09
-3.03113e-09
-3.031602e-09
-3.031848e-09
-3.031858e-09
-3.031676e-09
-3.031334e-09
-3.030858e-09
-3.030271e-09
-3.029588e-09
-3.028824e-09
-3.027989e-09
-3.027093e-09
-3.026144e-09
-3.025147e-09
-3.024109e-09
-3.023033e-09
-3.021925e-09
-3.020788e-09
-3.019624e-09
-3.018438e-09
-3.017228e-09
-3.016e-09
-3.014755e-09
-3.013494e-09
-3.012218e-09
-3.01093e-09
-3.009631e-09
-3.008319e-09
-3.006998e-09
-3.005669e-09
-3.004331e-09
-3.002985e-09
-3.001634e-09
-3.000275e-09
-2.99891e-09
-2.99754e-09
-2.996164e-09
None
None
-2.963856e-09
-2.986838e-09
-3.001163e-09
-3.010855e-09
-3.017715e-09
-3.022564e-09
-3.026037e-09
-3.028529e-09
-3.030296e-09
-3.031511e-09
-3.032299e-09
-3.032867e-09
-3.033205e-09
-3.033304e-09
-3.033208e-09
-3.032948e-09
-3.032555e-09
-3.032045e-09
-3.03144e-09
-3.030752e-09
-3.029991e-09
-3.029168e-09
-3.028291e-09
-3.027366e-09
-3.026398e-09
-3.025393e-09
-3.024354e-09
-3.023284e-09
-3.022188e-09
-3.021067e-09
-3.019926e-09
-3.018765e-09
-3.017585e-09
-3.016389e-09
-3.015179e-09
-3.013955e-09
-3.01272e-09
-3.011473e-09
-3.010215e-09
-3.008949e-09
-3.007675e-09
-3.006392e-09
-3.005102e-09
-3.003806e-09
-3.002504e-09
-3.001195e-09
-2.999882e-09
None
None
-2.963367e-09
-2.986654e-09
-3.001207e-09
-3.011082e-09
-3.018097e-09
-3.023082e-09
-3.026679e-09
-3.029285e-09
-3.031157e-09
-3.032474e-09
-3.033357e-09
-3.034016e-09
-3.03444e-09
-3.034623e-09
-3.034607e-09
-3.034426e-09
-3.034107e-09
-3.033673e-09
-3.033139e-09
-3.032521e-09
-3.03183e-09
-3.031075e-09
-3.030266e-09
-3.029407e-09
-3.028505e-09
-3.027564e-09
-3.026589e-09
-3.025584e-09
-3.02455e-09
-3.023493e-09
-3.022412e-09
-3.021312e-09
-3.020194e-09
-3.019058e-09
-3.017909e-09
-3.016746e-09
-3.01557e-09
-3.014382e-09
-3.013184e-09
-3.011976e-09
-3.01076e-09
-3.009537e-09
-3.008305e-09
-3.007065e-09
-3.005821e-09
-3.004571e-09
-3.003315e-09
None
None
-2.962845e-09
-2.98643e-09
-3.001202e-09
-3.011254e-09
-3.018417e-09
-3.023532e-09
-3.027246e-09
-3.029959e-09
-3.031932e-09
-3.033344e-09
-3.034317e-09
-3.035061e-09
-3.035567e-09
-3.035828e-09
-3.035887e-09
-3.03578e-09
-3.035533e-09
-3.035167e-09
-3.034702e-09
-3.03415e-09
-3.033524e-09
-3.032833e-09
-3.032086e-09
-3.031289e-09
-3.030449e-09
-3.029569e-09
-3.028653e-09
-3.027707e-09
-3.026733e-09
-3.025733e-09
-3.024711e-09
-3.023668e-09
-3.022606e-09
-3.021529e-09
-3.020435e-09
-3.019327e-09
-3.018206e-09
-3.017073e-09
-3.015931e-09
-3.014778e-09
-3.013617e-09
-3.012447e-09
-3.011269e-09
-3.010083e-09
-3.008893e-09
-3.007696e-09
-3.006493e-09
None
None
-2.962295e-09
-2.986169e-09
-3.001154e-09
-3.011375e-09
-3.01868e-09
-3.02392e-09
-3.027746e-09
-3.030561e-09
-3.03263e-09
-3.034131e-09
-3.03519e-09
-3.036015e-09
-3.036597e-09
-3.036932e-09
-3.037062e-09
-3.037024e-09
-3.036844e-09
-3.036544e-09
-3.036142e-09
-3.035653e-09
-3.035087e-09
-3.034457e-09
-3.033769e-09
-3.03303e-09
-3.032247e-09
-3.031424e-09
-3.030565e-09
-3.029674e-09
-3.028754e-09
-3.027809e-09
-3.026841e-09
-3.025851e-09
-3.024843e-09
-3.023817e-09
-3.022776e-09
-3.021721e-09
-3.020653e-09
-3.019572e-09
-3.018481e-09
-3.017379e-09
-3.016267e-09
-3.015147e-09
-3.01402e-09
-3.012886e-09
-3.011745e-09
-3.010598e-09
-3.009445e-09
None
None
-2.961718e-09
-2.985875e-09
-3.001067e-09
-3.011452e-09
-3.018894e-09
-3.024253e-09
-3.028186e-09
-3.031099e-09
-3.033259e-09
-3.034845e-09
-3.035985e-09
-3.036886e-09
-3.037541e-09
-3.037945e-09
-3.038143e-09
-3.03817e-09
-3.038053e-09
-3.037815e-09
-3.037473e-09
-3.037042e-09
-3.036535e-09
-3.03596e-09
-3.035328e-09
-3.034644e-09
-3.033914e-09
-3.033144e-09
-3.032338e-09
-3.031499e-09
-3.030632e-09
-3.029738e-09
-3.02882e-09
-3.02788e-09
-3.026922e-09
-3.025946e-09
-3.024953e-09
-3.023947e-09
-3.022927e-09
-3.021895e-09
-3.020852e-09
-3.019798e-09
-3.018734e-09
-3.017662e-09
-3.016582e-09
-3.015495e-09
-3.0144e-09
-3.013299e-09
-3.012192e-09
None
None
-2.961119e-09
-2.985552e-09
-3.000945e-09
-3.011489e-09
-3.019064e-09
-3.024537e-09
-3.028572e-09
-3.031579e-09
-3.033825e-09
-3.035492e-09
-3.036709e-09
-3.037682e-09
-3.038406e-09
-3.038877e-09
-3.039138e-09
-3.039227e-09
-3.03917e-09
-3.03899e-09
-3.038705e-09
-3.03833e-09
-3.037877e-09
-3.037356e-09
-3.036776e-09
-3.036142e-09
-3.035464e-09
-3.034744e-09
-3.033987e-09
-3.033197e-09
-3.032379e-09
-3.031533e-09
-3.030663e-09
-3.029771e-09
-3.028859e-09
-3.027929e-09
-3.026983e-09
-3.026022e-09
-3.025047e-09
-3.024061e-09
-3.023062e-09
-3.022053e-09
-3.021034e-09
-3.020006e-09
-3.018971e-09
-3.017927e-09
-3.016876e-09
-3.015819e-09
-3.014756e-09
None
None
-2.960499e-09
-2.985203e-09
-3.000792e-09
-3.011491e-09
-3.019193e-09
-3.024777e-09
-3.02891e-09
-3.032006e-09
-3.034335e-09
-3.036079e-09
-3.037369e-09
-3.038412e-09
-3.0392e-09
-3.039734e-09
-3.040057e-09
-3.040204e-09
-3.040204e-09
-3.040079e-09
-3.039848e-09
-3.039526e-09
-3.039123e-09
-3.038653e-09
-3.038121e-09
-3.037538e-09
-3.036907e-09
-3.036234e-09
-3.035525e-09
-3.034782e-09
-3.034008e-09
-3.033207e-09
-3.032382e-09
-3.031535e-09
-3.030668e-09
-3.029782e-09
-3.028879e-09
-3.027961e-09
-3.027029e-09
-3.026084e-09
-3.025127e-09
-3.024161e-09
-3.023184e-09
-3.022198e-09
-3.021204e-09
-3.020201e-09
-3.019192e-09
-3.018175e-09
-3.017153e-09
None
None
-2.959861e-09
-2.984831e-09
-3.000612e-09
-3.01146e-09
-3.019286e-09
-3.024976e-09
-3.029204e-09
-3.032386e-09
-3.034794e-09
-3.036612e-09
-3.037972e-09
-3.03908e-09
-3.039932e-09
-3.040525e-09
-3.040906e-09
-3.041108e-09
-3.041162e-09
-3.04109e-09
-3.04091e-09
-3.040637e-09
-3.040284e-09
-3.039861e-09
-3.039377e-09
-3.038839e-09
-3.038253e-09
-3.037626e-09
-3.03696e-09
-3.03626e-09
-3.035531e-09
-3.034773e-09
-3.03399e-09
-3.033184e-09
-3.032358e-09
-3.031514e-09
-3.030653e-09
-3.029776e-09
-3.028884e-09
-3.027979e-09
-3.027063e-09
-3.026135e-09
-3.025198e-09
-3.024252e-09
-3.023296e-09
-3.022333e-09
-3.021362e-09
-3.020385e-09
-3.0194e-09
None
None
-2.959206e-09
-2.984438e-09
-3.000406e-09
-3.0114e-09
-3.019346e-09
-3.025139e-09
-3.029458e-09
-3.032723e-09
-3.035206e-09
-3.037096e-09
-3.038523e-09
-3.039693e-09
-3.040605e-09
-3.041255e-09
-3.041691e-09
-3.041947e-09
-3.042052e-09
-3.04203e-09
-3.041898e-09
-3.041673e-09
-3.041366e-09
-3.040988e-09
-3.040549e-09
-3.040054e-09
-3.039512e-09
-3.038927e-09
-3.038303e-09
-3.037645e-09
-3.036956e-09
-3.036237e-09
-3.035496e-09
-3.03473e-09
-3.033943e-09
-3.033137e-09
-3.032315e-09
-3.031477e-09
-3.030624e-09
-3.029757e-09
-3.028878e-09
-3.027988e-09
-3.027087e-09
-3.026178e-09
-3.02526e-09
-3.024333e-09
-3.023399e-09
-3.022458e-09
-3.02151e-09
None
None
-2.958537e-09
-2.984026e-09
-3.000177e-09
-3.011313e-09
-3.019376e-09
-3.02527e-09
-3.029677e-09
-3.03302e-09
-3.035577e-09
-3.037535e-09
-3.039025e-09
-3.040256e-09
-3.041224e-09
-3.04193e-09
-3.042418e-09
-3.042725e-09
-3.042879e-09
-3.042904e-09
-3.042819e-09
-3.042639e-09
-3.042376e-09
-3.042041e-09
-3.041644e-09
-3.041191e-09
-3.04069e-09
-3.040145e-09
-3.039561e-09
-3.038942e-09
-3.038291e-09
-3.037613e-09
-3.036908e-09
-3.03618e-09
-3.035431e-09
-3.034663e-09
-3.033877e-09
-3.033074e-09
-3.032257e-09
-3.031427e-09
-3.030584e-09
-3.02973e-09
-3.028865e-09
-3.02799e-09
-3.027105e-09
-3.026214e-09
-3.025314e-09
-3.024408e-09
-3.023494e-09
None
None
-2.957854e-09
-2.983596e-09
-2.999927e-09
-3.011203e-09
-3.01938e-09
-3.025369e-09
-3.029862e-09
-3.033282e-09
-3.03591e-09
-3.037933e-09
-3.039485e-09
-3.040773e-09
-3.041796e-09
-3.042554e-09
-3.043092e-09
-3.043447e-09
-3.043649e-09
-3.043719e-09
-3.043678e-09
-3.043541e-09
-3.04332e-09
-3.043027e-09
-3.04267e-09
-3.042256e-09
-3.041795e-09
-3.041287e-09
-3.040742e-09
-3.04016e-09
-3.039547e-09
-3.038905e-09
-3.038235e-09
-3.037544e-09
-3.03683e-09
-3.036096e-09
-3.035345e-09
-3.034578e-09
-3.033795e-09
-3.032999e-09
-3.032189e-09
-3.031368e-09
-3.030537e-09
-3.029696e-09
-3.028845e-09
-3.027985e-09
-3.027119e-09
-3.026244e-09
-3.025363e-09
None
None
-2.957159e-09
-2.98315e-09
-2.999658e-09
-3.01107e-09
-3.019358e-09
-3.025442e-09
-3.030016e-09
-3.033512e-09
-3.036207e-09
-3.038293e-09
-3.039904e-09
-3.041248e-09
-3.042323e-09
-3.043131e-09
-3.043717e-09
-3.044119e-09
-3.044365e-09
-3.04448e-09
-3.044481e-09
-3.044384e-09
-3.044204e-09
-3.04395e-09
-3.043632e-09
-3.043256e-09
-3.042832e-09
-3.042361e-09
-3.041852e-09
-3.041305e-09
-3.040727e-09
-3.040119e-09
-3.039485e-09
-3.038827e-09
-3.038147e-09
-3.037447e-09
-3.036729e-09
-3.035994e-09
-3.035243e-09
-3.03448e-09
-3.033703e-09
-3.032914e-09
-3.032114e-09
-3.031303e-09
-3.030485e-09
-3.029657e-09
-3.028821e-09
-3.027977e-09
-3.027127e-09
None
None
-2.956454e-09
-2.98269e-09
-2.999372e-09
-3.010917e-09
-3.019313e-09
-3.025489e-09
-3.030144e-09
-3.033711e-09
-3.036472e-09
-3.038619e-09
-3.040287e-09
-3.041684e-09
-3.04281e-09
-3.043666e-09
-3.044298e-09
-3.044745e-09
-3.045034e-09
-3.04519e-09
-3.045231e-09
-3.045175e-09
-3.045033e-09
-3.044817e-09
-3.044535e-09
-3.044195e-09
-3.043806e-09
-3.04337e-09
-3.042895e-09
-3.042383e-09
-3.041839e-09
-3.041263e-09
-3.040663e-09
-3.040037e-09
-3.039388e-09
-3.038721e-09
-3.038034e-09
-3.03733e-09
-3.036612e-09
-3.035879e-09
-3.035132e-09
-3.034373e-09
-3.033604e-09
-3.032824e-09
-3.032034e-09
-3.031235e-09
-3.030429e-09
-3.029615e-09
-3.028794e-09
None
None
-2.955738e-09
-2.982218e-09
-2.99907e-09
-3.010746e-09
-3.019248e-09
-3.025513e-09
-3.030246e-09
-3.033882e-09
-3.036707e-09
-3.038913e-09
-3.040636e-09
-3.042085e-09
-3.043259e-09
-3.044161e-09
-3.044838e-09
-3.045327e-09
-3.045658e-09
-3.045854e-09
-3.045935e-09
-3.045916e-09
-3.045811e-09
-3.04563e-09
-3.045383e-09
-3.045079e-09
-3.044724e-09
-3.044321e-09
-3.043879e-09
-3.043399e-09
-3.042887e-09
-3.042343e-09
-3.041774e-09
-3.041178e-09
-3.040562e-09
-3.039924e-09
-3.039266e-09
-3.038594e-09
-3.037904e-09
-3.0372e-09
-3.036483e-09
-3.035754e-09
-3.035013e-09
-3.03426e-09
-3.0335e-09
-3.03273e-09
-3.031952e-09
-3.031165e-09
-3.030371e-09
None
None
-2.955014e-09
-2.981733e-09
-2.998754e-09
-3.010558e-09
-3.019164e-09
-3.025516e-09
-3.030325e-09
-3.034029e-09
-3.036915e-09
-3.039177e-09
-3.040954e-09
-3.042452e-09
-3.043673e-09
-3.04462e-09
-3.045339e-09
-3.04587e-09
-3.04624e-09
-3.046475e-09
-3.046593e-09
-3.046611e-09
-3.046541e-09
-3.046395e-09
-3.046182e-09
-3.045911e-09
-3.045588e-09
-3.045217e-09
-3.044807e-09
-3.044357e-09
-3.043876e-09
-3.043362e-09
-3.042824e-09
-3.042257e-09
-3.04167e-09
-3.041061e-09
-3.040433e-09
-3.039789e-09
-3.039127e-09
-3.038451e-09
-3.037762e-09
-3.03706e-09
-3.036345e-09
-3.035622e-09
-3.034889e-09
-3.034145e-09
-3.033393e-09
-3.032634e-09
-3.031867e-09
None
None
-2.954281e-09
-2.981237e-09
-2.998424e-09
-3.010355e-09
-3.019061e-09
-3.025499e-09
-3.030382e-09
-3.034152e-09
-3.037098e-09
-3.039415e-09
-3.041243e-09
-3.042789e-09
-3.044056e-09
-3.045046e-09
-3.045807e-09
-3.046376e-09
-3.046786e-09
-3.047057e-09
-3.047211e-09
-3.047263e-09
-3.047227e-09
-3.047115e-09
-3.046935e-09
-3.046695e-09
-3.046402e-09
-3.046064e-09
-3.045683e-09
-3.045263e-09
-3.044811e-09
-3.044327e-09
-3.043816e-09
-3.043278e-09
-3.042719e-09
-3.042138e-09
-3.041538e-09
-3.04092e-09
-3.040285e-09
-3.039637e-09
-3.038974e-09
-3.038297e-09
-3.037611e-09
-3.036913e-09
-3.036204e-09
-3.035487e-09
-3.034761e-09
-3.034027e-09
-3.033284e-09
None
None
-2.953541e-09
-2.980731e-09
-2.998082e-09
-3.010136e-09
-3.018943e-09
-3.025464e-09
-3.030419e-09
-3.034253e-09
-3.037257e-09
-3.039628e-09
-3.041505e-09
-3.043098e-09
-3.044408e-09
-3.04544e-09
-3.046241e-09
-3.046849e-09
-3.047295e-09
-3.047602e-09
-3.047791e-09
-3.047877e-09
-3.047874e-09
-3.047793e-09
-3.047644e-09
-3.047434e-09
-3.047172e-09
-3.046863e-09
-3.04651e-09
-3.04612e-09
-3.045696e-09
-3.04524e-09
-3.044756e-09
-3.044246e-09
-3.043713e-09
-3.043159e-09
-3.042585e-09
-3.041993e-09
-3.041384e-09
-3.040761e-09
-3.040124e-09
-3.039473e-09
-3.038812e-09
-3.038138e-09
-3.037454e-09
-3.036762e-09
-3.03606e-09
-3.035349e-09
-3.034633e-09
None
None
-2.952794e-09
-2.980216e-09
-2.997728e-09
-3.009905e-09
-3.018809e-09
-3.025412e-09
-3.030438e-09
-3.034334e-09
-3.037395e-09
-3.039818e-09
-3.041744e-09
-3.043381e-09
-3.044734e-09
-3.045806e-09
-3.046645e-09
-3.04729e-09
-3.047772e-09
-3.048113e-09
-3.048335e-09
-3.048453e-09
-3.048482e-09
-3.048431e-09
-3.048313e-09
-3.048133e-09
-3.0479e-09
-3.047618e-09
-3.047294e-09
-3.046932e-09
-3.046533e-09
-3.046105e-09
-3.045647e-09
-3.045163e-09
-3.044656e-09
-3.044127e-09
-3.043578e-09
-3.043012e-09
-3.042427e-09
-3.041829e-09
-3.041216e-09
-3.04059e-09
-3.039952e-09
-3.039302e-09
-3.038643e-09
-3.037974e-09
-3.037295e-09
-3.036608e-09
-3.035915e-09
None
None
-2.952041e-09
-2.979692e-09
-2.997364e-09
-3.009661e-09
-3.018662e-09
-3.025344e-09
-3.030439e-09
-3.034397e-09
-3.037513e-09
-3.039986e-09
-3.041959e-09
-3.04364e-09
-3.045034e-09
-3.046144e-09
-3.047021e-09
-3.047702e-09
-3.048217e-09
-3.048593e-09
-3.048847e-09
-3.048996e-09
-3.049055e-09
-3.049035e-09
-3.048945e-09
-3.048794e-09
-3.048588e-09
-3.048333e-09
-3.048036e-09
-3.0477e-09
-3.047327e-09
-3.046925e-09
-3.046492e-09
-3.046034e-09
-3.045551e-09
-3.045047e-09
-3.044522e-09
-3.04398e-09
-3.043419e-09
-3.042845e-09
-3.042254e-09
-3.041652e-09
-3.041037e-09
-3.040409e-09
-3.039773e-09
-3.039126e-09
-3.03847e-09
-3.037807e-09
-3.037134e-09
None
None
-2.951282e-09
-2.979161e-09
-2.99699e-09
-3.009406e-09
-3.018501e-09
-3.025263e-09
-3.030425e-09
-3.034442e-09
-3.037612e-09
-3.040134e-09
-3.042153e-09
-3.043877e-09
-3.04531e-09
-3.046458e-09
-3.047371e-09
-3.048086e-09
-3.048635e-09
-3.049042e-09
-3.049327e-09
-3.049507e-09
-3.049596e-09
-3.049604e-09
-3.049542e-09
-3.049417e-09
-3.049239e-09
-3.049011e-09
-3.04874e-09
-3.048427e-09
-3.048082e-09
-3.047703e-09
-3.047295e-09
-3.046861e-09
-3.046401e-09
-3.045921e-09
-3.045419e-09
-3.0449e-09
-3.044362e-09
-3.043811e-09
-3.043243e-09
-3.042662e-09
-3.04207e-09
-3.041464e-09
-3.04085e-09
-3.040224e-09
-3.03959e-09
-3.038948e-09
-3.038296e-09
None
None
-2.950518e-09
-2.978622e-09
-2.996607e-09
-3.009141e-09
-3.018329e-09
-3.025167e-09
-3.030396e-09
-3.034472e-09
-3.037693e-09
-3.040264e-09
-3.042327e-09
-3.044092e-09
-3.045564e-09
-3.046749e-09
-3.047697e-09
-3.048445e-09
-3.049027e-09
-3.049464e-09
-3.04978e-09
-3.049989e-09
-3.050105e-09
-3.050142e-09
-3.050107e-09
-3.05001e-09
-3.049856e-09
-3.049653e-09
-3.049406e-09
-3.04912e-09
-3.048797e-09
-3.048441e-09
-3.048058e-09
-3.047646e-09
-3.047211e-09
-3.046753e-09
-3.046273e-09
-3.045776e-09
-3.045261e-09
-3.04473e-09
-3.044185e-09
-3.043625e-09
-3.043054e-09
-3.042469e-09
-3.041876e-09
-3.041271e-09
-3.040658e-09
-3.040036e-09
-3.039404e-09
None
None
-2.949749e-09
-2.978076e-09
-2.996216e-09
-3.008865e-09
-3.018145e-09
-3.025059e-09
-3.030353e-09
-3.034486e-09
-3.037759e-09
-3.040376e-09
-3.042482e-09
-3.044287e-09
-3.045797e-09
-3.047018e-09
-3.048e-09
-3.048781e-09
-3.049393e-09
-3.049861e-09
-3.050205e-09
-3.050442e-09
-3.050587e-09
-3.050649e-09
-3.05064e-09
-3.050568e-09
-3.05044e-09
-3.050262e-09
-3.05004e-09
-3.049777e-09
-3.049477e-09
-3.049145e-09
-3.048784e-09
-3.048394e-09
-3.047981e-09
-3.047544e-09
-3.047087e-09
-3.046611e-09
-3.046117e-09
-3.045607e-09
-3.045083e-09
-3.044543e-09
-3.043993e-09
-3.043428e-09
-3.042856e-09
-3.042271e-09
-3.041677e-09
-3.041075e-09
-3.040463e-09
None
None
-2.948975e-09
-2.977524e-09
-2.995817e-09
-3.00858e-09
-3.01795e-09
-3.024939e-09
-3.030297e-09
-3.034486e-09
-3.037809e-09
-3.040472e-09
-3.042621e-09
-3.044465e-09
-3.046011e-09
-3.047267e-09
-3.048281e-09
-3.049094e-09
-3.049737e-09
-3.050234e-09
-3.050606e-09
-3.050871e-09
-3.051042e-09
-3.05113e-09
-3.051147e-09
-3.051099e-09
-3.050995e-09
-3.05084e-09
-3.05064e-09
-3.0504e-09
-3.050124e-09
-3.049814e-09
-3.049473e-09
-3.049107e-09
-3.048714e-09
-3.048299e-09
-3.047863e-09
-3.047406e-09
-3.046934e-09
-3.046443e-09
-3.045939e-09
-3.04542e-09
-3.044889e-09
-3.044345e-09
-3.043791e-09
-3.043225e-09
-3.042651e-09
-3.042068e-09
-3.041474e-09
None
None
-2.948197e-09
-2.976967e-09
-2.99541e-09
-3.008287e-09
-3.017746e-09
-3.024809e-09
-3.030229e-09
-3.034473e-09
-3.037845e-09
-3.040553e-09
-3.042742e-09
-3.044625e-09
-3.046207e-09
-3.047496e-09
-3.048543e-09
-3.049386e-09
-3.050058e-09
-3.050584e-09
-3.050984e-09
-3.051275e-09
-3.051471e-09
-3.051585e-09
-3.051626e-09
-3.051602e-09
-3.051521e-09
-3.051389e-09
-3.051212e-09
-3.050994e-09
-3.050739e-09
-3.05045e-09
-3.050131e-09
-3.049786e-09
-3.049413e-09
-3.049019e-09
-3.048602e-09
-3.048167e-09
-3.047713e-09
-3.047243e-09
-3.046757e-09
-3.046258e-09
-3.045745e-09
-3.04522e-09
-3.044684e-09
-3.044138e-09
-3.043581e-09
-3.043017e-09
-3.042442e-09
