None
None
None
None
None
None
None
None
None
None
None
None
None
None
None
None
None
None
None
None
None
None
None
None
None
None
None
None
None
None
None
None
None
None
None
None
None
None
None
None
None
None
None
None
None
None
None
None
None
None
None
None
None
None
None
None
None
None
None
None
None
None
None
None
None
None
None
None
None
None
None
None
None
None
None
None
None
None
None
None
None
None
None
None
None
None
None
None
None
None
None
None
None
None
None
None
None
None
None
None
3.815687e-10
3.851633e-10
3.898321e-10
3.950004e-10
4.004172e-10
4.060102e-10
4.116925e-10
4.174123e-10
4.231372e-10
4.288468e-10
4.345303e-10
4.400028e-10
4.453618e-10
4.506955e-10
4.559983e-10
4.612654e-10
4.664921e-10
4.716748e-10
4.768096e-10
4.818933e-10
4.869223e-10
4.918934e-10
4.968033e-10
5.016487e-10
5.06427e-10
5.111352e-10
5.157708e-10
5.203318e-10
5.248162e-10
5.292224e-10
5.335489e-10
5.377946e-10
5.419577e-10
5.460355e-10
5.500234e-10
5.539156e-10
5.577111e-10
5.614174e-10
5.650477e-10
5.686149e-10
5.721294e-10
5.755991e-10
5.790316e-10
5.824339e-10
5.858123e-10
5.891705e-10
5.9251e-10
None
None
3.285576e-10
3.294927e-10
3.319895e-10
3.352708e-10
3.389925e-10
3.43025e-10
3.472464e-10
3.515832e-10
3.559895e-10
3.604338e-10
3.64896e-10
3.692053e-10
3.734421e-10
3.776814e-10
3.81919e-10
3.861498e-10
3.903698e-10
3.945753e-10
3.987633e-10
4.029311e-10
4.070764e-10
4.111973e-10
4.152919e-10
4.193581e-10
4.233942e-10
4.273983e-10
4.313687e-10
4.353035e-10
4.392011e-10
4.430598e-10
4.468777e-10
4.506538e-10
4.543864e-10
4.580744e-10
4.617165e-10
4.653119e-10
4.688595e-10
4.723584e-10
4.758081e-10
4.792078e-10
4.825564e-10
4.858531e-10
4.890957e-10
4.922816e-10
4.954076e-10
4.984722e-10
5.014776e-10
None
None
2.948221e-10
2.935072e-10
2.942418e-10
2.960393e-10
2.984581e-10
3.01313e-10
3.044468e-10
3.077645e-10
3.112049e-10
3.147276e-10
3.183048e-10
3.217758e-10
3.252074e-10
3.286611e-10
3.321304e-10
3.356099e-10
3.390952e-10
3.42582e-10
3.460673e-10
3.495474e-10
3.530208e-10
3.564847e-10
3.599382e-10
3.633791e-10
3.668067e-10
3.702195e-10
3.736162e-10
3.769959e-10
3.803571e-10
3.836991e-10
3.870205e-10
3.903202e-10
3.935974e-10
3.968509e-10
4.000797e-10
4.032827e-10
4.06459e-10
4.096078e-10
4.127283e-10
4.158196e-10
4.188809e-10
4.219117e-10
4.249112e-10
4.278788e-10
4.308141e-10
4.337165e-10
4.365857e-10
None
None
2.715253e-10
2.681711e-10
2.673583e-10
2.678876e-10
2.692158e-10
2.711014e-10
2.73352e-10
2.758505e-10
2.78521e-10
2.813135e-10
2.841929e-10
2.870038e-10
2.898049e-10
2.926478e-10
2.955214e-10
2.984182e-10
3.013326e-10
3.042598e-10
3.071961e-10
3.101378e-10
3.130822e-10
3.16027e-10
3.189699e-10
3.219096e-10
3.248446e-10
3.277739e-10
3.306963e-10
3.33611e-10
3.36517e-10
3.394137e-10
3.423003e-10
3.451759e-10
3.480399e-10
3.508914e-10
3.537298e-10
3.565543e-10
3.593645e-10
3.621595e-10
3.649387e-10
3.677012e-10
3.704467e-10
3.731746e-10
3.75884e-10
3.785743e-10
3.812454e-10
3.838964e-10
3.865267e-10
None
None
2.550244e-10
2.497605e-10
2.475353e-10
2.469327e-10
2.473064e-10
2.483572e-10
2.498575e-10
2.516672e-10
2.536966e-10
2.558847e-10
2.581897e-10
2.604583e-10
2.627435e-10
2.650896e-10
2.674814e-10
2.699091e-10
2.723639e-10
2.748411e-10
2.773355e-10
2.798436e-10
2.823616e-10
2.848874e-10
2.874176e-10
2.899512e-10
2.924857e-10
2.950207e-10
2.97554e-10
3.000855e-10
3.026137e-10
3.051385e-10
3.076585e-10
3.101736e-10
3.126829e-10
3.151862e-10
3.176826e-10
3.201719e-10
3.226534e-10
3.251269e-10
3.275914e-10
3.30047e-10
3.324927e-10
3.349288e-10
3.37354e-10
3.397684e-10
3.421714e-10
3.445624e-10
3.469414e-10
None
None
2.440254e-10
2.369642e-10
2.334373e-10
2.318123e-10
2.313396e-10
2.316636e-10
2.325193e-10
2.337453e-10
2.352364e-10
2.369218e-10
2.387526e-10
2.405746e-10
2.424361e-10
2.443765e-10
2.463777e-10
2.484266e-10
2.505131e-10
2.5263e-10
2.547716e-10
2.569334e-10
2.591115e-10
2.613026e-10
2.635039e-10
2.657136e-10
2.679292e-10
2.701492e-10
2.723718e-10
2.745963e-10
2.768217e-10
2.790471e-10
2.812713e-10
2.83494e-10
2.857149e-10
2.879332e-10
2.901483e-10
2.923598e-10
2.945675e-10
2.96771e-10
2.989698e-10
3.011635e-10
3.033517e-10
3.055343e-10
3.07711e-10
3.098812e-10
3.120446e-10
3.14201e-10
3.163499e-10
None
None
2.367678e-10
2.279906e-10
2.232374e-10
2.206639e-10
2.194181e-10
2.190877e-10
2.193715e-10
2.200848e-10
2.21108e-10
2.223602e-10
2.237856e-10
2.252272e-10
2.26729e-10
2.283264e-10
2.299993e-10
2.317315e-10
2.335113e-10
2.353301e-10
2.371804e-10
2.390569e-10
2.409552e-10
2.428716e-10
2.44803e-10
2.467469e-10
2.487006e-10
2.506625e-10
2.526308e-10
2.546041e-10
2.565813e-10
2.585611e-10
2.605428e-10
2.625257e-10
2.64509e-10
2.664923e-10
2.684749e-10
2.704565e-10
2.724365e-10
2.744148e-10
2.763908e-10
2.783643e-10
2.80335e-10
2.823027e-10
2.842668e-10
2.862274e-10
2.88184e-10
2.901364e-10
2.920845e-10
None
None
2.321618e-10
2.217346e-10
2.158117e-10
2.12343e-10
2.10376e-10
2.094423e-10
2.092053e-10
2.094566e-10
2.100625e-10
2.109315e-10
2.120002e-10
2.131085e-10
2.142965e-10
2.155963e-10
2.169853e-10
2.184452e-10
2.19963e-10
2.215273e-10
2.231307e-10
2.247659e-10
2.264278e-10
2.28113e-10
2.298173e-10
2.315373e-10
2.332716e-10
2.350172e-10
2.367722e-10
2.38535e-10
2.403045e-10
2.420793e-10
2.438582e-10
2.456403e-10
2.474249e-10
2.492117e-10
2.509996e-10
2.527882e-10
2.545771e-10
2.56366e-10
2.581546e-10
2.599422e-10
2.617286e-10
2.635136e-10
2.652973e-10
2.670791e-10
2.688586e-10
2.706357e-10
2.724103e-10
None
None
2.294912e-10
2.174753e-10
2.10429e-10
2.061065e-10
2.034566e-10
2.019584e-10
2.012377e-10
2.010647e-10
2.012898e-10
2.01812e-10
2.025605e-10
2.033702e-10
2.042792e-10
2.053152e-10
2.064531e-10
2.076739e-10
2.089619e-10
2.103048e-10
2.116932e-10
2.131199e-10
2.145782e-10
2.160642e-10
2.175729e-10
2.191019e-10
2.206476e-10
2.22208e-10
2.237807e-10
2.253638e-10
2.269562e-10
2.285556e-10
2.301619e-10
2.317732e-10
2.333887e-10
2.350083e-10
2.366304e-10
2.382551e-10
2.398815e-10
2.415089e-10
2.431378e-10
2.44767e-10
2.463963e-10
2.480259e-10
2.496547e-10
2.512831e-10
2.529107e-10
2.545369e-10
2.561624e-10
None
None
2.282661e-10
2.147206e-10
2.06592e-10
2.01449e-10
1.981479e-10
1.961137e-10
1.949384e-10
1.94369e-10
1.942417e-10
1.944449e-10
1.949013e-10
1.954391e-10
1.960946e-10
1.968926e-10
1.978054e-10
1.988117e-10
1.998946e-10
2.010407e-10
2.022391e-10
2.034815e-10
2.047612e-10
2.060725e-10
2.074105e-10
2.087722e-10
2.101539e-10
2.115528e-10
2.129672e-10
2.143942e-10
2.158327e-10
2.172807e-10
2.18737e-10
2.202006e-10
2.216701e-10
2.23145e-10
2.246241e-10
2.261072e-10
2.275931e-10
2.29082e-10
2.305725e-10
2.320653e-10
2.335588e-10
2.350539e-10
2.365491e-10
2.380453e-10
2.395411e-10
2.410374e-10
2.425328e-10
None
None
2.281375e-10
2.1312e-10
2.039486e-10
1.980154e-10
1.940879e-10
1.915416e-10
1.899347e-10
1.889916e-10
1.885334e-10
1.884394e-10
1.886247e-10
1.889123e-10
1.893342e-10
1.899144e-10
1.906216e-10
1.914331e-10
1.923305e-10
1.932989e-10
1.943267e-10
1.954042e-10
1.965238e-10
1.976798e-10
1.988666e-10
2.0008e-10
2.013164e-10
2.025729e-10
2.038475e-10
2.051371e-10
2.064398e-10
2.077549e-10
2.090797e-10
2.104132e-10
2.117549e-10
2.131031e-10
2.144569e-10
2.158162e-10
2.171796e-10
2.185465e-10
2.199172e-10
2.212903e-10
2.226656e-10
2.240432e-10
2.254219e-10
2.268023e-10
2.281836e-10
2.295652e-10
2.309481e-10
None
None
2.281376e-10
2.117048e-10
2.015225e-10
1.948207e-10
1.902825e-10
1.87237e-10
1.852084e-10
1.83901e-10
1.831216e-10
1.82739e-10
1.826612e-10
1.82706e-10
1.829031e-10
1.832727e-10
1.837823e-10
1.844062e-10
1.851255e-10
1.859233e-10
1.86787e-10
1.877066e-10
1.886734e-10
1.896807e-10
1.907227e-10
1.917949e-10
1.928931e-10
1.940143e-10
1.951554e-10
1.96314e-10
1.974881e-10
1.986762e-10
1.998763e-10
2.010867e-10
2.023062e-10
2.035339e-10
2.047693e-10
2.060108e-10
2.072576e-10
2.085093e-10
2.097656e-10
2.110256e-10
2.122885e-10
2.135542e-10
2.148229e-10
2.160934e-10
2.173654e-10
2.186392e-10
2.199144e-10
None
None
2.286169e-10
2.10831e-10
1.996784e-10
1.922351e-10
1.871076e-10
1.835799e-10
1.811459e-10
1.79488e-10
1.784008e-10
1.777429e-10
1.77415e-10
1.772295e-10
1.772134e-10
1.773845e-10
1.777079e-10
1.781563e-10
1.787078e-10
1.79346e-10
1.800571e-10
1.808294e-10
1.816539e-10
1.825232e-10
1.834315e-10
1.843732e-10
1.85344e-10
1.863402e-10
1.87359e-10
1.883974e-10
1.894534e-10
1.905249e-10
1.916102e-10
1.927077e-10
1.938161e-10
1.949339e-10
1.960602e-10
1.97194e-10
1.983343e-10
1.994806e-10
2.006326e-10
2.017892e-10
2.029499e-10
2.041142e-10
2.052816e-10
2.064517e-10
2.076247e-10
2.088e-10
2.099771e-10
None
None
2.297736e-10
2.106925e-10
1.986097e-10
1.904548e-10
1.847619e-10
1.807726e-10
1.779504e-10
1.759594e-10
1.745793e-10
1.736608e-10
1.73098e-10
1.726957e-10
1.724797e-10
1.724659e-10
1.726166e-10
1.729022e-10
1.732997e-10
1.737912e-10
1.743617e-10
1.749995e-10
1.756944e-10
1.764385e-10
1.772255e-10
1.78049e-10
1.789047e-10
1.797885e-10
1.80697e-10
1.816275e-10
1.825774e-10
1.835446e-10
1.845274e-10
1.855238e-10
1.865325e-10
1.875521e-10
1.885815e-10
1.896197e-10
1.906656e-10
1.917186e-10
1.927777e-10
1.938425e-10
1.949122e-10
1.959865e-10
1.970646e-10
1.981464e-10
1.992313e-10
2.00319e-10
2.014092e-10
None
None
2.314561e-10
2.111333e-10
1.981575e-10
1.893191e-10
1.830819e-10
1.786486e-10
1.754539e-10
1.731441e-10
1.714848e-10
1.703187e-10
1.695322e-10
1.68926e-10
1.685215e-10
1.683339e-10
1.683223e-10
1.684555e-10
1.687098e-10
1.690652e-10
1.695052e-10
1.700192e-10
1.705945e-10
1.712237e-10
1.718991e-10
1.726144e-10
1.733651e-10
1.741466e-10
1.749553e-10
1.757879e-10
1.766417e-10
1.775146e-10
1.784048e-10
1.793103e-10
1.802292e-10
1.811605e-10
1.821026e-10
1.830546e-10
1.840155e-10
1.849844e-10
1.859604e-10
1.869429e-10
1.879312e-10
1.889247e-10
1.89923e-10
1.909255e-10
1.919319e-10
1.929418e-10
1.939548e-10
None
None
2.335513e-10
2.120346e-10
1.982001e-10
1.887037e-10
1.819424e-10
1.77082e-10
1.735289e-10
1.709126e-10
1.689865e-10
1.675827e-10
1.665839e-10
1.657827e-10
1.652001e-10
1.648476e-10
1.646829e-10
1.646731e-10
1.647926e-10
1.650205e-10
1.653397e-10
1.657375e-10
1.66202e-10
1.667242e-10
1.672965e-10
1.679124e-10
1.68566e-10
1.692536e-10
1.699705e-10
1.707132e-10
1.714792e-10
1.722666e-10
1.730724e-10
1.738947e-10
1.747318e-10
1.755824e-10
1.764453e-10
1.773194e-10
1.782033e-10
1.790961e-10
1.799969e-10
1.80905e-10
1.818197e-10
1.827404e-10
1.836665e-10
1.845975e-10
1.855329e-10
1.864725e-10
1.874159e-10
None
None
2.359726e-10
2.133056e-10
1.986436e-10
1.885127e-10
1.812457e-10
1.759732e-10
1.720758e-10
1.691639e-10
1.669807e-10
1.653499e-10
1.641478e-10
1.631601e-10
1.624066e-10
1.618978e-10
1.615876e-10
1.614424e-10
1.614345e-10
1.615421e-10
1.61748e-10
1.620374e-10
1.623976e-10
1.628205e-10
1.632966e-10
1.638198e-10
1.643836e-10
1.649839e-10
1.656157e-10
1.662761e-10
1.669617e-10
1.676691e-10
1.683971e-10
1.691436e-10
1.699061e-10
1.70683e-10
1.714731e-10
1.72276e-10
1.730895e-10
1.739128e-10
1.747449e-10
1.755849e-10
1.764327e-10
1.772874e-10
1.781481e-10
1.790144e-10
1.798856e-10
1.807614e-10
1.816413e-10
None
None
2.386533e-10
2.14876e-10
1.99415e-10
1.886716e-10
1.809162e-10
1.752453e-10
1.710146e-10
1.67818e-10
1.653869e-10
1.635376e-10
1.621402e-10
1.609739e-10
1.600575e-10
1.593981e-10
1.589503e-10
1.586759e-10
1.585471e-10
1.58541e-10
1.586391e-10
1.58826e-10
1.59089e-10
1.594175e-10
1.59804e-10
1.602402e-10
1.607203e-10
1.612392e-10
1.61792e-10
1.623749e-10
1.629857e-10
1.636198e-10
1.642762e-10
1.64952e-10
1.656451e-10
1.663544e-10
1.670783e-10
1.67815e-10
1.685631e-10
1.693228e-10
1.700923e-10
1.708704e-10
1.716564e-10
1.7245e-10
1.732508e-10
1.740577e-10
1.748701e-10
1.756875e-10
1.765095e-10
None
None
2.415411e-10
2.1669e-10
2.004564e-10
1.891203e-10
1.80892e-10
1.748358e-10
1.702829e-10
1.668113e-10
1.641413e-10
1.620814e-10
1.604945e-10
1.59157e-10
1.580836e-10
1.572808e-10
1.567e-10
1.563027e-10
1.560592e-10
1.559449e-10
1.559404e-10
1.560299e-10
1.562001e-10
1.564401e-10
1.567418e-10
1.570966e-10
1.57497e-10
1.579402e-10
1.584185e-10
1.589304e-10
1.594697e-10
1.600366e-10
1.606254e-10
1.612357e-10
1.61865e-10
1.625105e-10
1.63173e-10
1.638488e-10
1.64537e-10
1.652377e-10
1.659488e-10
1.666693e-10
1.673988e-10
1.681368e-10
1.68882e-10
1.696338e-10
1.703919e-10
1.711563e-10
1.719256e-10
None
None
2.445952e-10
2.187037e-10
2.017216e-10
1.89811e-10
1.811244e-10
1.74695e-10
1.698301e-10
1.660918e-10
1.631905e-10
1.609268e-10
1.591588e-10
1.576546e-10
1.564298e-10
1.554888e-10
1.547811e-10
1.542658e-10
1.53912e-10
1.536938e-10
1.535916e-10
1.535885e-10
1.536711e-10
1.538278e-10
1.540486e-10
1.543256e-10
1.546522e-10
1.55023e-10
1.554315e-10
1.558758e-10
1.563496e-10
1.568518e-10
1.573779e-10
1.579274e-10
1.584958e-10
1.59084e-10
1.596876e-10
1.603067e-10
1.609398e-10
1.615846e-10
1.62242e-10
1.629094e-10
1.635859e-10
1.64272e-10
1.649662e-10
1.656671e-10
1.663752e-10
1.6709e-10
1.6781e-10
None
None
2.477823e-10
2.208813e-10
2.031728e-10
1.907047e-10
1.815734e-10
1.74782e-10
1.69614e-10
1.656173e-10
1.624916e-10
1.600311e-10
1.580873e-10
1.564226e-10
1.550523e-10
1.539781e-10
1.531472e-10
1.525177e-10
1.520585e-10
1.517413e-10
1.515453e-10
1.514539e-10
1.514523e-10
1.515286e-10
1.516732e-10
1.51877e-10
1.521331e-10
1.524349e-10
1.527784e-10
1.531582e-10
1.535698e-10
1.540119e-10
1.544788e-10
1.549708e-10
1.554827e-10
1.560157e-10
1.56565e-10
1.571316e-10
1.577119e-10
1.583059e-10
1.589125e-10
1.595296e-10
1.601581e-10
1.607954e-10
1.614409e-10
1.620956e-10
1.62757e-10
1.63425e-10
1.641e-10
None
None
2.510761e-10
2.231948e-10
2.047803e-10
1.917703e-10
1.822069e-10
1.750634e-10
1.696011e-10
1.653536e-10
1.620108e-10
1.593582e-10
1.572441e-10
1.554243e-10
1.539125e-10
1.527092e-10
1.5176e-10
1.510217e-10
1.504592e-10
1.500474e-10
1.49762e-10
1.495854e-10
1.495032e-10
1.495029e-10
1.495742e-10
1.497081e-10
1.498968e-10
1.501341e-10
1.504142e-10
1.507336e-10
1.51087e-10
1.514706e-10
1.51883e-10
1.523199e-10
1.527795e-10
1.532597e-10
1.537584e-10
1.542746e-10
1.548063e-10
1.55352e-10
1.559111e-10
1.564814e-10
1.570638e-10
1.576557e-10
1.582572e-10
1.588674e-10
1.594845e-10
1.601105e-10
1.607424e-10
None
None
2.544552e-10
2.256205e-10
2.065188e-10
1.929817e-10
1.829976e-10
1.755111e-10
1.697633e-10
1.652718e-10
1.617173e-10
1.588789e-10
1.565991e-10
1.546289e-10
1.529799e-10
1.516515e-10
1.505875e-10
1.497434e-10
1.490833e-10
1.485784e-10
1.482071e-10
1.479496e-10
1.477901e-10
1.477163e-10
1.477172e-10
1.477838e-10
1.479082e-10
1.480835e-10
1.483039e-10
1.485648e-10
1.488628e-10
1.491925e-10
1.49551e-10
1.499372e-10
1.50346e-10
1.507774e-10
1.512279e-10
1.516968e-10
1.521821e-10
1.526825e-10
1.531968e-10
1.537237e-10
1.542625e-10
1.548119e-10
1.553711e-10
1.5594e-10
1.565164e-10
1.571019e-10
1.576938e-10
None
None
2.579011e-10
2.281387e-10
2.08368e-10
1.943169e-10
1.839231e-10
1.761032e-10
1.700764e-10
1.653472e-10
1.615867e-10
1.585675e-10
1.561274e-10
1.540108e-10
1.522281e-10
1.507789e-10
1.496035e-10
1.486567e-10
1.479016e-10
1.47308e-10
1.468531e-10
1.465162e-10
1.462831e-10
1.461388e-10
1.460724e-10
1.460745e-10
1.461369e-10
1.462528e-10
1.46416e-10
1.46622e-10
1.468664e-10
1.471444e-10
1.474524e-10
1.477893e-10
1.48151e-10
1.485345e-10
1.489406e-10
1.493644e-10
1.498059e-10
1.502633e-10
1.507352e-10
1.512209e-10
1.517188e-10
1.522279e-10
1.527477e-10
1.532771e-10
1.538158e-10
1.543623e-10
1.549174e-10
None
None
2.614002e-10
2.307339e-10
2.103106e-10
1.957586e-10
1.849648e-10
1.768194e-10
1.705205e-10
1.6556e-10
1.615991e-10
1.584037e-10
1.55807e-10
1.535474e-10
1.516354e-10
1.500686e-10
1.487856e-10
1.477391e-10
1.468915e-10
1.462119e-10
1.45676e-10
1.452638e-10
1.449586e-10
1.447459e-10
1.446143e-10
1.445543e-10
1.445574e-10
1.446166e-10
1.447256e-10
1.448788e-10
1.450714e-10
1.452996e-10
1.4556e-10
1.458502e-10
1.461661e-10
1.465052e-10
1.468678e-10
1.472491e-10
1.476489e-10
1.48066e-10
1.484969e-10
1.48944e-10
1.494024e-10
1.498743e-10
1.503564e-10
1.50849e-10
1.513509e-10
1.51862e-10
1.523808e-10
None
None
2.649392e-10
2.333926e-10
2.123325e-10
1.972913e-10
1.861071e-10
1.776437e-10
1.710798e-10
1.658932e-10
1.617366e-10
1.583691e-10
1.556199e-10
1.532217e-10
1.511834e-10
1.495011e-10
1.481138e-10
1.469707e-10
1.460333e-10
1.452701e-10
1.44656e-10
1.441705e-10
1.437955e-10
1.435166e-10
1.433231e-10
1.432036e-10
1.431497e-10
1.431537e-10
1.432097e-10
1.433117e-10
1.43455e-10
1.436361e-10
1.438509e-10
1.440959e-10
1.44368e-10
1.446654e-10
1.449862e-10
1.453268e-10
1.456872e-10
1.46065e-10
1.464584e-10
1.468678e-10
1.472896e-10
1.477249e-10
1.481716e-10
1.486289e-10
1.490971e-10
1.495732e-10
1.500594e-10
None
None
2.685092e-10
2.361032e-10
2.144214e-10
1.989025e-10
1.873364e-10
1.785624e-10
1.71739e-10
1.663316e-10
1.619839e-10
1.584488e-10
1.555504e-10
1.530172e-10
1.508555e-10
1.49062e-10
1.475714e-10
1.463343e-10
1.453098e-10
1.444653e-10
1.437759e-10
1.432188e-10
1.427765e-10
1.42434e-10
1.4218e-10
1.420028e-10
1.418935e-10
1.418447e-10
1.418498e-10
1.41903e-10
1.419994e-10
1.421346e-10
1.423046e-10
1.42506e-10
1.427371e-10
1.429943e-10
1.432747e-10
1.435767e-10
1.438996e-10
1.442399e-10
1.445972e-10
1.449706e-10
1.453577e-10
1.457587e-10
1.461712e-10
1.465952e-10
1.470303e-10
1.474743e-10
1.479289e-10
None
None
2.720999e-10
2.388568e-10
2.165675e-10
2.00581e-10
1.886417e-10
1.795636e-10
1.724865e-10
1.668633e-10
1.623285e-10
1.586296e-10
1.555859e-10
1.5292e-10
1.506381e-10
1.487354e-10
1.471456e-10
1.458166e-10
1.44707e-10
1.43784e-10
1.430204e-10
1.423935e-10
1.418864e-10
1.414817e-10
1.411692e-10
1.40936e-10
1.407733e-10
1.406732e-10
1.40629e-10
1.40635e-10
1.406859e-10
1.407772e-10
1.40905e-10
1.410656e-10
1.412559e-10
1.41473e-10
1.417161e-10
1.419817e-10
1.422675e-10
1.425723e-10
1.428957e-10
1.432343e-10
1.43588e-10
1.43956e-10
1.443364e-10
1.447292e-10
1.451324e-10
1.455457e-10
1.459695e-10
None
None
2.757058e-10
2.416452e-10
2.187612e-10
2.023177e-10
1.90013e-10
1.806374e-10
1.733119e-10
1.67477e-10
1.627596e-10
1.589005e-10
1.557145e-10
1.529191e-10
1.505193e-10
1.485099e-10
1.46823e-10
1.454041e-10
1.442122e-10
1.432121e-10
1.423762e-10
1.416824e-10
1.411115e-10
1.406472e-10
1.402772e-10
1.3999e-10
1.397754e-10
1.396257e-10
1.395339e-10
1.39494e-10
1.395007e-10
1.395495e-10
1.396363e-10
1.397573e-10
1.399093e-10
1.400894e-10
1.40295e-10
1.405241e-10
1.407761e-10
1.410474e-10
1.413364e-10
1.416426e-10
1.419646e-10
1.423008e-10
1.426506e-10
1.430128e-10
1.433861e-10
1.437708e-10
1.441647e-10
None
None
2.7932e-10
2.444612e-10
2.209958e-10
2.041045e-10
1.914421e-10
1.817747e-10
1.74206e-10
1.68164e-10
1.632674e-10
1.592511e-10
1.559259e-10
1.530039e-10
1.504889e-10
1.483756e-10
1.46593e-10
1.450873e-10
1.438141e-10
1.427389e-10
1.418333e-10
1.410736e-10
1.404401e-10
1.399182e-10
1.394919e-10
1.391524e-10
1.388878e-10
1.3869e-10
1.385521e-10
1.38468e-10
1.384323e-10
1.384398e-10
1.384864e-10
1.385688e-10
1.386836e-10
1.388278e-10
1.389986e-10
1.391935e-10
1.394108e-10
1.396494e-10
1.399072e-10
1.401821e-10
1.404725e-10
1.407793e-10
1.410992e-10
1.414317e-10
1.417775e-10
1.421333e-10
1.424993e-10
None
None
2.829376e-10
2.472988e-10
2.232649e-10
2.05935e-10
1.929215e-10
1.829683e-10
1.751609e-10
1.689159e-10
1.638436e-10
1.596734e-10
1.562118e-10
1.531656e-10
1.505383e-10
1.483226e-10
1.464469e-10
1.448555e-10
1.435028e-10
1.423546e-10
1.413804e-10
1.405564e-10
1.398636e-10
1.39284e-10
1.388046e-10
1.384127e-10
1.380998e-10
1.378556e-10
1.376729e-10
1.375457e-10
1.374685e-10
1.374362e-10
1.374445e-10
1.374893e-10
1.375679e-10
1.376771e-10
1.37814e-10
1.379762e-10
1.381614e-10
1.383677e-10
1.385943e-10
1.388396e-10
1.391013e-10
1.393781e-10
1.396696e-10
1.399751e-10
1.40292e-10
1.406212e-10
1.409614e-10
None
None
2.865555e-10
2.501535e-10
2.255628e-10
2.078028e-10
1.944455e-10
1.842117e-10
1.761699e-10
1.697257e-10
1.644809e-10
1.601599e-10
1.565644e-10
1.533962e-10
1.506591e-10
1.483433e-10
1.463763e-10
1.447011e-10
1.432714e-10
1.420513e-10
1.410103e-10
1.401238e-10
1.393712e-10
1.387364e-10
1.382044e-10
1.37763e-10
1.374016e-10
1.371125e-10
1.368867e-10
1.367178e-10
1.366003e-10
1.365291e-10
1.364999e-10
1.365088e-10
1.365524e-10
1.366276e-10
1.367315e-10
1.368617e-10
1.370159e-10
1.371922e-10
1.373884e-10
1.376041e-10
1.378378e-10
1.380871e-10
1.38351e-10
1.386289e-10
1.389206e-10
1.392237e-10
1.395373e-10
None
None
2.901685e-10
2.530208e-10
2.27884e-10
2.097029e-10
1.960079e-10
1.854989e-10
1.772271e-10
1.705871e-10
1.651733e-10
1.607041e-10
1.569775e-10
1.5369e-10
1.508444e-10
1.484303e-10
1.463738e-10
1.446164e-10
1.431113e-10
1.418208e-10
1.407141e-10
1.397665e-10
1.389568e-10
1.382673e-10
1.376838e-10
1.371938e-10
1.367864e-10
1.36452e-10
1.361844e-10
1.359753e-10
1.358189e-10
1.357103e-10
1.356449e-10
1.356186e-10
1.356282e-10
1.356703e-10
1.357422e-10
1.358414e-10
1.359654e-10
1.361122e-10
1.362801e-10
1.36467e-10
1.36673e-10
1.368958e-10
1.371336e-10
1.373855e-10
1.376513e-10
1.379298e-10
1.382196e-10
None
None
2.937756e-10
2.558971e-10
2.302254e-10
2.116307e-10
1.976048e-10
1.868248e-10
1.783272e-10
1.71495e-10
1.65915e-10
1.613002e-10
1.574445e-10
1.5404e-10
1.51088e-10
1.485777e-10
1.464334e-10
1.445954e-10
1.430163e-10
1.416565e-10
1.404855e-10
1.394778e-10
1.38612e-10
1.3787e-10
1.372362e-10
1.366984e-10
1.362457e-10
1.358689e-10
1.355589e-10
1.353104e-10
1.351164e-10
1.349714e-10
1.348708e-10
1.348107e-10
1.347872e-10
1.347974e-10
1.348382e-10
1.34907e-10
1.350017e-10
1.3512e-10
1.3526e-10
1.3542e-10
1.355991e-10
1.357958e-10
1.360083e-10
1.362355e-10
1.364761e-10
1.367308e-10
1.369973e-10
None
None
2.973746e-10
2.587793e-10
2.325832e-10
2.135825e-10
1.99231e-10
1.881853e-10
1.794659e-10
1.724445e-10
1.667013e-10
1.619433e-10
1.57961e-10
1.54441e-10
1.513845e-10
1.487799e-10
1.465494e-10
1.446323e-10
1.429802e-10
1.41553e-10
1.403195e-10
1.392531e-10
1.383318e-10
1.375372e-10
1.36855e-10
1.362706e-10
1.357737e-10
1.353543e-10
1.35005e-10
1.347173e-10
1.344855e-10
1.343053e-10
1.341706e-10
1.340775e-10
1.340221e-10
1.340011e-10
1.340119e-10
1.340515e-10
1.341176e-10
1.342082e-10
1.343212e-10
1.344548e-10
1.346083e-10
1.347799e-10
1.349677e-10
1.351707e-10
1.353877e-10
1.356188e-10
1.358625e-10
None
None
3.00963e-10
2.616648e-10
2.349532e-10
2.155546e-10
2.008834e-10
1.895767e-10
1.806386e-10
1.734314e-10
1.675274e-10
1.626288e-10
1.585219e-10
1.548888e-10
1.517296e-10
1.49032e-10
1.46717e-10
1.447223e-10
1.429983e-10
1.415047e-10
1.402098e-10
1.390858e-10
1.381105e-10
1.372652e-10
1.36534e-10
1.359048e-10
1.353642e-10
1.349041e-10
1.345144e-10
1.341899e-10
1.339225e-10
1.337069e-10
1.335381e-10
1.334126e-10
1.333263e-10
1.332753e-10
1.332567e-10
1.332679e-10
1.333064e-10
1.333699e-10
1.334567e-10
1.335653e-10
1.33694e-10
1.33841e-10
1.340049e-10
1.341843e-10
1.343784e-10
1.345867e-10
1.348086e-10
None
None
3.045417e-10
2.645511e-10
2.373341e-10
2.175439e-10
2.025589e-10
1.909947e-10
1.818419e-10
1.744521e-10
1.683898e-10
1.633528e-10
1.591233e-10
1.553787e-10
1.521185e-10
1.493294e-10
1.469312e-10
1.448604e-10
1.430661e-10
1.415072e-10
1.401519e-10
1.389712e-10
1.379429e-10
1.370479e-10
1.362697e-10
1.355951e-10
1.350129e-10
1.345114e-10
1.340845e-10
1.337225e-10
1.334193e-10
1.331704e-10
1.329695e-10
1.328124e-10
1.326951e-10
1.326144e-10
1.325672e-10
1.325506e-10
1.325624e-10
1.326001e-10
1.326617e-10
1.327455e-10
1.328498e-10
1.329729e-10
1.331135e-10
1.332703e-10
1.334421e-10
1.336288e-10
1.33829e-10
None
None
3.081081e-10
2.674362e-10
2.397223e-10
2.195478e-10
2.042538e-10
1.924376e-10
1.830728e-10
1.75503e-10
1.692849e-10
1.641116e-10
1.597616e-10
1.559073e-10
1.525475e-10
1.496686e-10
1.471885e-10
1.450425e-10
1.431791e-10
1.415564e-10
1.401414e-10
1.389053e-10
1.378248e-10
1.368808e-10
1.360566e-10
1.353382e-10
1.347142e-10
1.341739e-10
1.337085e-10
1.333105e-10
1.329735e-10
1.326906e-10
1.324573e-10
1.322699e-10
1.321233e-10
1.320142e-10
1.319393e-10
1.318959e-10
1.318813e-10
1.318935e-10
1.319302e-10
1.319896e-10
1.320701e-10
1.3217e-10
1.32288e-10
1.324227e-10
1.325734e-10
1.327391e-10
1.329183e-10
None
None
3.116641e-10
2.703185e-10
2.421163e-10
2.21564e-10
2.059661e-10
1.93901e-10
1.843285e-10
1.765812e-10
1.702098e-10
1.649022e-10
1.604334e-10
1.564711e-10
1.530135e-10
1.50046e-10
1.47485e-10
1.452651e-10
1.433338e-10
1.416485e-10
1.401747e-10
1.38884e-10
1.377522e-10
1.367601e-10
1.358907e-10
1.351295e-10
1.344642e-10
1.338857e-10
1.33383e-10
1.329501e-10
1.325784e-10
1.322637e-10
1.319998e-10
1.317818e-10
1.316057e-10
1.314681e-10
1.313663e-10
1.312968e-10
1.312569e-10
1.312441e-10
1.312567e-10
1.312925e-10
1.313498e-10
1.314272e-10
1.315233e-10
1.316373e-10
1.317673e-10
1.319123e-10
1.320711e-10
None
None
3.152085e-10
2.73197e-10
2.445151e-10
2.235902e-10
2.076938e-10
1.953841e-10
1.856063e-10
1.776839e-10
1.711617e-10
1.657218e-10
1.611359e-10
1.570671e-10
1.53513e-10
1.504582e-10
1.478181e-10
1.455252e-10
1.435269e-10
1.417798e-10
1.402484e-10
1.389038e-10
1.37722e-10
1.366823e-10
1.357683e-10
1.349651e-10
1.342601e-10
1.336429e-10
1.331047e-10
1.326364e-10
1.322323e-10
1.318856e-10
1.315905e-10
1.313433e-10
1.311394e-10
1.309748e-10
1.308461e-10
1.307505e-10
1.306855e-10
1.306485e-10
1.306374e-10
1.306504e-10
1.306857e-10
1.307414e-10
1.308165e-10
1.309094e-10
1.310187e-10
1.311434e-10
1.312825e-10
None
None
3.187427e-10
2.760706e-10
2.469148e-10
2.256247e-10
2.094347e-10
1.968832e-10
1.869035e-10
1.78809e-10
1.721381e-10
1.665678e-10
1.618662e-10
1.576927e-10
1.540435e-10
1.509028e-10
1.481842e-10
1.4582e-10
1.437557e-10
1.419475e-10
1.403592e-10
1.389619e-10
1.377305e-10
1.366444e-10
1.356864e-10
1.348418e-10
1.340977e-10
1.334429e-10
1.328693e-10
1.32367e-10
1.319305e-10
1.31552e-10
1.312277e-10
1.309517e-10
1.307196e-10
1.305275e-10
1.303733e-10
1.302529e-10
1.301636e-10
1.301032e-10
1.300692e-10
1.300597e-10
1.300731e-10
1.301075e-10
1.301615e-10
1.302338e-10
1.30323e-10
1.304281e-10
1.305483e-10
None
None
3.222666e-10
2.789388e-10
2.493166e-10
2.276658e-10
2.111861e-10
1.983979e-10
1.882188e-10
1.799544e-10
1.731366e-10
1.674378e-10
1.626225e-10
1.583454e-10
1.546024e-10
1.513768e-10
1.485812e-10
1.461463e-10
1.440171e-10
1.421486e-10
1.405045e-10
1.390553e-10
1.37775e-10
1.366433e-10
1.35642e-10
1.347567e-10
1.33974e-10
1.332827e-10
1.326737e-10
1.321386e-10
1.316696e-10
1.312611e-10
1.309073e-10
1.306024e-10
1.303433e-10
1.301257e-10
1.299459e-10
1.298006e-10
1.296872e-10
1.296032e-10
1.295466e-10
1.295152e-10
1.295072e-10
1.295209e-10
1.295548e-10
1.296075e-10
1.296777e-10
1.297643e-10
1.298661e-10
None
None
3.257807e-10
2.818008e-10
2.517178e-10
2.297121e-10
2.129473e-10
1.999248e-10
1.895503e-10
1.81118e-10
1.741552e-10
1.683297e-10
1.634021e-10
1.590228e-10
1.551874e-10
1.518783e-10
1.490065e-10
1.465019e-10
1.443086e-10
1.423809e-10
1.406821e-10
1.391813e-10
1.37853e-10
1.366761e-10
1.356326e-10
1.34707e-10
1.338864e-10
1.331591e-10
1.325153e-10
1.319478e-10
1.314472e-10
1.310091e-10
1.306258e-10
1.302937e-10
1.300081e-10
1.297644e-10
1.29559e-10
1.293899e-10
1.292536e-10
1.291474e-10
1.29069e-10
1.290163e-10
1.289875e-10
1.289809e-10
1.289949e-10
1.290281e-10
1.290792e-10
1.291469e-10
1.292303e-10
None
None
3.292856e-10
2.846566e-10
2.541177e-10
2.317623e-10
2.14717e-10
2.014643e-10
1.908951e-10
1.822984e-10
1.751925e-10
1.692417e-10
1.642032e-10
1.597233e-10
1.557967e-10
1.524049e-10
1.49458e-10
1.468848e-10
1.446282e-10
1.426421e-10
1.408889e-10
1.393375e-10
1.379622e-10
1.367408e-10
1.356554e-10
1.346904e-10
1.338322e-10
1.330696e-10
1.323921e-10
1.317921e-10
1.312611e-10
1.30793e-10
1.303814e-10
1.300225e-10
1.297102e-10
1.294409e-10
1.292121e-10
1.290193e-10
1.288598e-10
1.287311e-10
1.286308e-10
1.28557e-10
1.285076e-10
1.284812e-10
1.284759e-10
1.284901e-10
1.285228e-10
1.285727e-10
1.286387e-10
None
None
3.327814e-10
2.875058e-10
2.565165e-10
2.338152e-10
2.164938e-10
2.030126e-10
1.922531e-10
1.834939e-10
1.762464e-10
1.70172e-10
1.650241e-10
1.60445e-10
1.56428e-10
1.529548e-10
1.499339e-10
1.472928e-10
1.449739e-10
1.429302e-10
1.411235e-10
1.39522e-10
1.381001e-10
1.368351e-10
1.357083e-10
1.347044e-10
1.338094e-10
1.330118e-10
1.323011e-10
1.316691e-10
1.311081e-10
1.306106e-10
1.301719e-10
1.297857e-10
1.294474e-10
1.291542e-10
1.28901e-10
1.286846e-10
1.285022e-10
1.283523e-10
1.282314e-10
1.281373e-10
1.280682e-10
1.280224e-10
1.279981e-10
1.279939e-10
1.280084e-10
1.280406e-10
1.280892e-10
None
None
3.362688e-10
2.903476e-10
2.589111e-10
2.358699e-10
2.182751e-10
2.045707e-10
1.936228e-10
1.847021e-10
1.773157e-10
1.711191e-10
1.658635e-10
1.611858e-10
1.570799e-10
1.535266e-10
1.504322e-10
1.477242e-10
1.453436e-10
1.43243e-10
1.413834e-10
1.397329e-10
1.382649e-10
1.369568e-10
1.357894e-10
1.34747e-10
1.338159e-10
1.329837e-10
1.322403e-10
1.315769e-10
1.309862e-10
1.3046e-10
1.299941e-10
1.295812e-10
1.292183e-10
1.289003e-10
1.286232e-10
1.283843e-10
1.281808e-10
1.280092e-10
1.278673e-10
1.277529e-10
1.27664e-10
1.275989e-10
1.275559e-10
1.275336e-10
1.275305e-10
1.275453e-10
1.275771e-10
None
None
3.397479e-10
2.931829e-10
2.613035e-10
2.379255e-10
2.200613e-10
2.061354e-10
1.950019e-10
1.859225e-10
1.78399e-10
1.720816e-10
1.667195e-10
1.619446e-10
1.57751e-10
1.541179e-10
1.509514e-10
1.481772e-10
1.457359e-10
1.43579e-10
1.416674e-10
1.399684e-10
1.384545e-10
1.371041e-10
1.358968e-10
1.348164e-10
1.338495e-10
1.329834e-10
1.322077e-10
1.315133e-10
1.308934e-10
1.303393e-10
1.298462e-10
1.294075e-10
1.290198e-10
1.286775e-10
1.283774e-10
1.281166e-10
1.278912e-10
1.276983e-10
1.275357e-10
1.274018e-10
1.272941e-10
1.272106e-10
1.271497e-10
1.271097e-10
1.270894e-10
1.270874e-10
1.271024e-10
